EPSG:4326
0000000000.jpg -78.0341226 36.1773615 12.867 99.7538 -3.7943 -10.0374
0000000001.jpg -78.0341084 36.1773614 12.944 102.0345 -1.3422 -6.5483
0000000002.jpg -78.0340997 36.1773622 13.207 100.3096 -1.2919 -4.4740
0000000003.jpg -78.0340863 36.1773636 13.331 103.8309 -0.7597 -2.2895
0000000004.jpg -78.0340739 36.1773643 13.487 99.7302 -2.3048 -0.2705
0000000005.jpg -78.0340649 36.1773645 13.390 98.6397 0.0940 -0.3256
0000000006.jpg -78.0340622 36.1773633 13.329 100.1255 -2.2039 -1.1773
0000000007.jpg -78.0340599 36.1773617 13.475 98.1063 -3.2147 -1.4203
0000000008.jpg -78.0340607 36.1773595 13.538 98.8118 -4.5931 -2.6917
0000000009.jpg -78.0340566 36.1773557 13.695 102.1586 -3.8420 -5.7473
0000000010.jpg -78.0340518 36.1773535 13.795 99.5430 -2.8734 -3.2718
0000000011.jpg -78.0340454 36.1773521 13.945 102.3666 -3.6851 -4.1787
0000000012.jpg -78.0340377 36.1773511 13.984 101.0347 -1.6241 -4.0263
0000000013.jpg -78.0340272 36.1773495 14.224 102.6818 -2.6313 -4.0914
0000000014.jpg -78.0340159 36.1773492 14.245 98.5600 -2.0751 -1.6782
0000000015.jpg -78.0340039 36.1773451 14.340 97.0063 -0.6756 -4.3452
0000000016.jpg -78.0339926 36.1773482 14.481 97.7444 0.0021 -0.3097
0000000017.jpg -78.0339883 36.1773491 14.619 103.0225 -1.2591 -0.7365
0000000018.jpg -78.0339862 36.1773470 14.618 101.3844 -1.6887 -2.4895
0000000019.jpg -78.0339828 36.1773456 14.621 98.4415 -2.4105 -2.8877
0000000020.jpg -78.0339802 36.1773426 14.647 98.3563 -4.0485 -4.9173
0000000021.jpg -78.0339740 36.1773409 14.700 101.6487 -2.0645 -4.7381
0000000022.jpg -78.0339633 36.1773374 14.926 97.7159 -0.9094 -8.3756
0000000023.jpg -78.0339506 36.1773359 15.307 96.6596 -0.0131 -5.6218
0000000024.jpg -78.0339378 36.1773381 15.623 95.9951 -0.0316 -1.0599
0000000025.jpg -78.0339249 36.1773354 15.675 92.7682 2.8324 -8.7715
0000000026.jpg -78.0339183 36.1773350 15.519 91.4673 -0.4484 -4.3473
0000000027.jpg -78.0339126 36.1773359 15.465 100.2732 -0.6811 -2.2347
0000000028.jpg -78.0339135 36.1773348 15.363 100.1856 -2.6703 -5.6368
0000000029.jpg -78.0339110 36.1773338 15.338 99.8684 -2.9876 -5.4301
0000000030.jpg -78.0339084 36.1773311 15.383 100.7552 -3.1448 -5.2142
0000000031.jpg -78.0339051 36.1773278 15.488 98.8048 -2.3808 -8.7211
0000000032.jpg -78.0338961 36.1773265 15.644 101.5971 -2.2913 -6.4023
0000000033.jpg -78.0338856 36.1773257 15.761 102.3957 -2.4423 -4.7068
0000000034.jpg -78.0338738 36.1773265 15.839 101.1051 0.2983 -3.6110
0000000035.jpg -78.0338673 36.1773271 16.060 104.5432 -2.3031 -0.6012
0000000036.jpg -78.0338577 36.1773242 16.307 105.3721 -3.3113 -3.5109
0000000037.jpg -78.0338490 36.1773210 16.354 115.1942 -0.7217 -2.9540
0000000038.jpg -78.0338486 36.1773188 16.262 -162.6584 -3.1500 -1.8662
0000000039.jpg -78.0338496 36.1773126 16.127 -150.6324 0.5671 2.6705
0000000040.jpg -78.0338547 36.1773085 16.004 -161.3359 2.6248 -2.8236
0000000041.jpg -78.0338570 36.1773073 16.019 -157.6318 2.3282 -3.1738
0000000042.jpg -78.0338581 36.1773016 16.120 -161.6527 0.1597 0.8902
0000000043.jpg -78.0338600 36.1772942 16.209 -161.5840 0.8205 -1.9390
0000000044.jpg -78.0338630 36.1772848 16.182 -163.7451 2.1918 -2.8388
0000000045.jpg -78.0338653 36.1772717 16.193 -162.9016 6.0332 -2.4434
0000000046.jpg -78.0338625 36.1772641 16.281 -158.5583 3.3972 5.6780
0000000047.jpg -78.0338611 36.1772567 16.275 -163.5826 -0.5010 2.8258
0000000048.jpg -78.0338603 36.1772573 16.380 -161.6885 -1.9851 2.1215
0000000049.jpg -78.0338647 36.1772534 16.445 -163.7099 -0.0173 -1.3225
0000000050.jpg -78.0338685 36.1772488 16.468 -160.3473 1.2515 -1.4584
0000000051.jpg -78.0338726 36.1772424 16.321 -164.1873 1.7482 0.9859
0000000052.jpg -78.0338755 36.1772328 16.248 -160.9436 0.4582 -0.8659
0000000053.jpg -78.0338783 36.1772250 16.318 -162.9635 -0.7787 0.8911
0000000054.jpg -78.0338834 36.1772173 16.276 -161.8333 0.8664 -2.3782
0000000055.jpg -78.0338847 36.1772102 16.310 -161.6427 3.0097 0.2282
0000000056.jpg -78.0338877 36.1772012 16.366 -159.6010 1.2346 -2.1058
0000000057.jpg -78.0338889 36.1771934 16.230 -161.6787 0.6179 0.6087
0000000058.jpg -78.0338929 36.1771868 16.198 -162.8737 1.3720 -1.3345
0000000059.jpg -78.0338962 36.1771828 16.285 -161.7034 -0.0413 -3.4234
0000000060.jpg -78.0338990 36.1771753 16.379 -160.7294 0.4680 -2.3595
0000000061.jpg -78.0338991 36.1771671 16.369 -161.3329 0.6062 -0.9259
0000000062.jpg -78.0339023 36.1771636 16.326 -162.0918 -0.5201 -2.1659
0000000063.jpg -78.0339058 36.1771610 16.308 -160.2581 -0.6677 -2.5249
0000000064.jpg -78.0339066 36.1771532 16.347 -159.2121 0.9570 -0.6183
0000000065.jpg -78.0339060 36.1771476 16.285 -163.6943 -1.6346 -1.1239
0000000066.jpg -78.0339099 36.1771441 16.225 -161.6999 -2.2078 -2.8786
0000000067.jpg -78.0339130 36.1771406 16.143 -156.7024 -3.4206 -6.0238
0000000068.jpg -78.0339172 36.1771346 16.217 -162.2674 0.3017 -4.1213
0000000069.jpg -78.0339226 36.1771243 16.271 -167.5726 4.7626 -5.5513
0000000070.jpg -78.0339237 36.1771144 16.295 -169.3234 3.3578 -3.9061
0000000071.jpg -78.0339243 36.1771079 16.350 -169.0771 2.0839 -2.1898
0000000072.jpg -78.0339251 36.1770986 16.317 -168.3375 -0.1411 -0.8561
0000000073.jpg -78.0339267 36.1770924 16.285 -162.6203 0.2776 -3.4456
0000000074.jpg -78.0339317 36.1770853 16.242 -164.0006 1.8517 -2.4282
0000000075.jpg -78.0339353 36.1770768 16.276 -163.5563 2.8620 -1.8298
0000000076.jpg -78.0339357 36.1770702 16.342 -161.0605 1.6227 -0.3397
0000000077.jpg -78.0339388 36.1770629 16.257 -162.9636 1.6820 -0.2716
0000000078.jpg -78.0339423 36.1770561 16.288 -163.0012 1.1733 -1.0609
0000000079.jpg -78.0339476 36.1770505 16.263 -161.9497 1.0954 -3.2719
0000000080.jpg -78.0339527 36.1770417 16.256 -163.2171 3.6867 -3.0658
0000000081.jpg -78.0339551 36.1770333 16.278 -162.8693 2.0191 -1.4461
0000000082.jpg -78.0339555 36.1770246 16.338 -162.6555 2.5753 -1.0831
0000000083.jpg -78.0339566 36.1770170 16.459 -159.3152 2.8277 2.0330
0000000084.jpg -78.0339595 36.1770121 16.455 -160.6455 2.0787 0.5280
0000000085.jpg -78.0339646 36.1770063 16.377 -160.2113 1.4252 -2.1666
0000000086.jpg -78.0339666 36.1770001 16.295 -163.9858 -0.0965 0.8459
0000000087.jpg -78.0339668 36.1769931 16.143 -158.1553 1.0455 3.3299
0000000088.jpg -78.0339697 36.1769868 16.112 -156.6576 1.1209 1.5517
0000000089.jpg -78.0339736 36.1769794 16.168 -159.7628 0.7509 0.2106
0000000090.jpg -78.0339768 36.1769733 16.271 -158.7192 -0.3223 0.6203
0000000091.jpg -78.0339794 36.1769691 16.123 -159.9956 -0.6521 -0.2560
0000000092.jpg -78.0339851 36.1769609 16.429 -162.2074 -0.0269 -1.7219
0000000093.jpg -78.0339869 36.1769535 16.526 -165.1437 1.3807 -0.1580
0000000094.jpg -78.0339893 36.1769449 16.550 -165.9954 0.5699 -0.4505
0000000095.jpg -78.0339895 36.1769366 16.434 -168.6318 2.0054 1.5395
0000000096.jpg -78.0339916 36.1769320 16.449 -158.9480 -0.5307 1.7477
0000000097.jpg -78.0339944 36.1769300 16.349 -164.0544 -0.4524 -2.2889
0000000098.jpg -78.0339963 36.1769258 16.322 -165.5466 -1.1292 -0.0780
0000000099.jpg -78.0339991 36.1769183 16.392 -168.5149 -0.7583 0.4926
0000000100.jpg -78.0340021 36.1769120 16.404 -167.5475 -2.5459 -4.0145
0000000101.jpg -78.0340033 36.1769029 16.421 -161.9884 -1.5226 -2.7830
0000000102.jpg -78.0340050 36.1768948 16.411 -170.8286 0.8985 0.9743
0000000103.jpg -78.0340091 36.1768901 16.401 -172.4940 -3.6421 0.2124
0000000104.jpg -78.0340111 36.1768807 16.356 -149.8470 -1.1906 0.3249
0000000105.jpg -78.0340120 36.1768719 16.326 -158.4617 0.9730 2.2559
0000000106.jpg -78.0340171 36.1768643 16.280 -157.1415 1.8457 0.5642
0000000107.jpg -78.0340178 36.1768581 16.280 -94.0282 -3.4609 6.4782
0000000108.jpg -78.0340191 36.1768576 16.440 -62.8967 -5.1749 0.3232
0000000109.jpg -78.0340251 36.1768609 16.413 -76.6832 -5.8111 3.0476
0000000110.jpg -78.0340351 36.1768685 16.356 -76.9478 -2.8017 -1.8641
0000000111.jpg -78.0340428 36.1768727 16.461 -75.6991 -0.5960 -0.1651
0000000112.jpg -78.0340518 36.1768719 16.273 -74.6632 -3.2715 3.5519
0000000113.jpg -78.0340618 36.1768746 16.195 -73.1983 -3.1889 1.7846
0000000114.jpg -78.0340732 36.1768792 16.264 -73.3879 -2.8036 0.5227
0000000115.jpg -78.0340835 36.1768817 16.281 -73.6579 -3.7689 2.3216
0000000116.jpg -78.0340925 36.1768834 16.273 -71.7444 -2.6446 2.7994
0000000117.jpg -78.0340972 36.1768823 16.207 -10.8772 -8.7545 4.3404
0000000118.jpg -78.0340984 36.1768808 16.325 35.6797 -8.4512 -5.5045
0000000119.jpg -78.0341003 36.1768884 16.520 25.4909 -9.8789 0.7351
0000000120.jpg -78.0340943 36.1768989 16.472 18.9744 -8.7758 1.0707
0000000121.jpg -78.0340862 36.1769027 16.474 21.1157 -9.0959 -4.8776
0000000122.jpg -78.0340801 36.1769074 16.457 20.9507 -6.4510 -2.5889
0000000123.jpg -78.0340820 36.1769181 16.506 21.5010 -3.7622 2.5495
0000000124.jpg -78.0340792 36.1769264 16.418 24.8182 -7.2445 1.4428
0000000125.jpg -78.0340758 36.1769332 16.562 16.8863 -5.2003 1.7185
0000000126.jpg -78.0340723 36.1769411 16.180 15.6966 -1.5175 1.7604
0000000127.jpg -78.0340709 36.1769471 16.149 21.6778 -7.7063 3.3598
0000000128.jpg -78.0340699 36.1769543 16.331 20.6639 -8.1839 2.9052
0000000129.jpg -78.0340660 36.1769595 16.304 19.1679 -8.9621 0.3236
0000000130.jpg -78.0340612 36.1769631 16.141 15.0484 -7.7449 -1.3768
0000000131.jpg -78.0340605 36.1769684 16.082 16.3210 -6.6863 0.9468
0000000132.jpg -78.0340591 36.1769757 16.105 16.6774 -5.7191 0.6560
0000000133.jpg -78.0340571 36.1769810 16.249 16.5761 -6.8400 0.9141
0000000134.jpg -78.0340563 36.1769845 16.380 15.9372 -7.3311 1.4257
0000000135.jpg -78.0340556 36.1769903 16.495 16.4870 -8.3434 3.0857
0000000136.jpg -78.0340511 36.1769947 16.660 17.2258 -6.9086 -2.1974
0000000137.jpg -78.0340481 36.1770001 16.607 13.4884 -6.4876 1.0338
0000000138.jpg -78.0340488 36.1770067 16.405 17.0758 -6.1648 4.2429
0000000139.jpg -78.0340465 36.1770111 16.414 20.2232 -5.1534 0.2320
0000000140.jpg -78.0340439 36.1770153 16.486 18.9209 -8.0321 -0.0593
0000000141.jpg -78.0340415 36.1770180 16.711 19.1341 -5.9938 -0.6376
0000000142.jpg -78.0340401 36.1770208 16.814 21.2227 -7.4094 -0.4567
0000000143.jpg -78.0340397 36.1770244 16.680 21.3096 -8.3052 1.4803
0000000144.jpg -78.0340361 36.1770262 16.580 16.7356 -5.9243 -2.6460
0000000145.jpg -78.0340368 36.1770284 16.600 18.9147 -8.1951 2.1757
0000000146.jpg -78.0340370 36.1770345 16.475 19.7454 -7.3967 1.7074
0000000147.jpg -78.0340329 36.1770388 16.346 19.0685 -6.1125 -3.6323
0000000148.jpg -78.0340284 36.1770438 16.302 23.2884 -4.1975 -5.7765
0000000149.jpg -78.0340270 36.1770472 16.281 20.5295 -5.7451 -3.5181
0000000150.jpg -78.0340285 36.1770522 16.299 22.4608 -6.6077 -1.1191
0000000151.jpg -78.0340280 36.1770527 16.347 22.7481 -6.2925 -4.1681
0000000152.jpg -78.0340284 36.1770553 16.386 20.2795 -6.1765 -1.6483
0000000153.jpg -78.0340275 36.1770585 16.470 17.6838 -6.8571 -0.6937
0000000154.jpg -78.0340273 36.1770607 16.526 18.8662 -6.3349 -1.1083
0000000155.jpg -78.0340252 36.1770629 16.583 16.0045 -5.4123 -2.0182
0000000156.jpg -78.0340237 36.1770661 16.618 14.8502 -6.8356 -1.0148
0000000157.jpg -78.0340209 36.1770708 16.499 16.8258 -6.8093 -2.0563
0000000158.jpg -78.0340188 36.1770733 16.479 14.0846 -5.7306 -1.2355
0000000159.jpg -78.0340179 36.1770746 16.517 15.9538 -8.5029 -3.8686
0000000160.jpg -78.0340175 36.1770783 16.422 20.2124 -5.2391 -0.8448
0000000161.jpg -78.0340182 36.1770809 16.508 15.0701 -4.8930 -0.1125
0000000162.jpg -78.0340176 36.1770797 16.333 11.8352 -9.0404 -0.7488
0000000163.jpg -78.0340155 36.1770760 16.393 18.0811 -8.7946 -2.4872
0000000164.jpg -78.0340157 36.1770781 16.455 13.0148 -6.8856 0.8964
0000000165.jpg -78.0340164 36.1770806 16.717 19.8400 -5.0242 0.5267
0000000166.jpg -78.0340144 36.1770816 16.755 20.8863 -7.4706 -4.3287
0000000167.jpg -78.0340114 36.1770821 16.789 20.0217 -9.0516 -4.3258
0000000168.jpg -78.0340136 36.1770834 16.669 19.3510 -11.0147 -3.0125
0000000169.jpg -78.0340141 36.1770853 16.662 18.2546 -9.9431 -3.0691
0000000170.jpg -78.0340150 36.1770866 16.434 19.6855 -9.8474 -0.3607
0000000171.jpg -78.0340185 36.1770845 16.391 17.7796 -11.1587 1.4006
0000000172.jpg -78.0340163 36.1770849 16.410 20.1064 -9.0996 -2.2140
0000000173.jpg -78.0340118 36.1770908 16.479 18.3477 -8.0976 -2.0817
0000000174.jpg -78.0340099 36.1770968 16.388 18.8971 -6.9570 -0.7150
0000000175.jpg -78.0340084 36.1771008 16.312 18.6335 -7.2575 -1.2772
0000000176.jpg -78.0340067 36.1771025 16.341 18.6880 -7.8701 -2.0468
0000000177.jpg -78.0340042 36.1771010 16.377 17.8161 -8.2582 -3.6230
0000000178.jpg -78.0340052 36.1771037 16.477 18.7781 -7.9429 0.4194
0000000179.jpg -78.0340044 36.1771096 16.503 19.8960 -5.7631 -2.2733
0000000180.jpg -78.0340035 36.1771133 16.532 18.0554 -5.9543 -0.1162
0000000181.jpg -78.0340014 36.1771170 16.445 20.0451 -6.4711 -2.5119
0000000182.jpg -78.0340018 36.1771189 16.507 16.2997 -7.1790 -0.3768
0000000183.jpg -78.0340015 36.1771202 16.572 18.4020 -9.7019 -0.5167
0000000184.jpg -78.0340011 36.1771200 16.573 17.7403 -10.2895 -1.8153
0000000185.jpg -78.0340008 36.1771213 16.584 17.5734 -10.3811 -1.5013
0000000186.jpg -78.0339995 36.1771223 16.532 17.1777 -10.1633 -1.3376
0000000187.jpg -78.0339988 36.1771245 16.530 16.3447 -10.0318 -0.7814
0000000188.jpg -78.0339994 36.1771278 16.372 18.1818 -9.9294 0.2015
0000000189.jpg -78.0339965 36.1771307 16.423 17.1139 -10.4796 -1.7959
0000000190.jpg -78.0339964 36.1771332 16.260 16.0155 -9.1405 -0.9264
0000000191.jpg -78.0339953 36.1771340 16.334 17.6864 -8.0042 -1.3709
0000000192.jpg -78.0339900 36.1771334 16.510 16.4749 -8.2404 -2.7620
0000000193.jpg -78.0339938 36.1771373 16.565 18.7490 -9.6128 3.1167
0000000194.jpg -78.0339956 36.1771380 16.446 13.9218 -8.3797 2.2798
0000000195.jpg -78.0339949 36.1771373 16.343 14.7493 -8.4584 1.6357
0000000196.jpg -78.0339944 36.1771397 16.399 16.2396 -9.0734 2.1638
0000000197.jpg -78.0339941 36.1771429 16.369 15.4044 -6.9949 4.0354
0000000198.jpg -78.0339932 36.1771465 16.438 16.9612 -8.1194 4.7133
0000000199.jpg -78.0339907 36.1771492 16.425 15.3243 -6.3426 2.3865
0000000200.jpg -78.0339858 36.1771526 16.524 20.8540 -6.2034 -0.6316
0000000201.jpg -78.0339851 36.1771534 16.716 18.8654 -7.6039 0.5665
0000000202.jpg -78.0339865 36.1771519 16.645 18.0086 -6.6955 2.4705
0000000203.jpg -78.0339868 36.1771491 16.629 20.8517 -8.4053 1.1020
0000000204.jpg -78.0339884 36.1771500 16.502 18.7786 -7.8856 2.7329
0000000205.jpg -78.0339880 36.1771484 16.477 20.2241 -9.7783 0.1408
0000000206.jpg -78.0339879 36.1771474 16.405 19.7854 -9.6506 -1.0981
0000000207.jpg -78.0339876 36.1771500 16.338 14.3439 -8.0982 -0.3382
0000000208.jpg -78.0339859 36.1771529 16.306 20.9127 -7.2224 -0.7561
0000000209.jpg -78.0339847 36.1771546 16.269 19.0621 -6.2348 -1.0913
0000000210.jpg -78.0339837 36.1771538 16.333 13.9333 -7.3629 -0.6364
0000000211.jpg -78.0339860 36.1771552 16.273 14.2554 -7.1479 1.8197
0000000212.jpg -78.0339837 36.1771597 16.452 17.2818 -5.9881 -0.4626
0000000213.jpg -78.0339859 36.1771625 16.473 17.6958 -7.9079 3.2575
0000000214.jpg -78.0339845 36.1771615 16.467 12.7736 -8.7639 1.3449
0000000215.jpg -78.0339830 36.1771628 16.581 16.4704 -7.0850 0.3854
0000000216.jpg -78.0339854 36.1771651 16.613 16.6137 -8.6759 4.2213
0000000217.jpg -78.0339833 36.1771693 16.626 17.4699 -7.1361 3.5995
0000000218.jpg -78.0339803 36.1771722 16.651 21.8389 -7.7967 -0.4648
0000000219.jpg -78.0339775 36.1771774 16.603 18.8445 -5.7931 0.2298
0000000220.jpg -78.0339758 36.1771809 16.582 17.3837 -6.6858 -0.1900
0000000221.jpg -78.0339754 36.1771838 16.462 13.3074 -5.6823 1.3802
0000000222.jpg -78.0339751 36.1771866 16.374 15.5478 -6.2652 2.4845
0000000223.jpg -78.0339745 36.1771881 16.605 24.0395 -6.9136 2.1084
0000000224.jpg -78.0339732 36.1771880 16.687 23.6008 -8.7727 -0.7890
0000000225.jpg -78.0339735 36.1771887 16.716 20.8482 -9.5973 -0.5285
0000000226.jpg -78.0339706 36.1771881 16.676 18.6503 -7.8142 -2.8892
0000000227.jpg -78.0339692 36.1771893 16.570 14.6335 -6.5586 -3.7648
0000000228.jpg -78.0339693 36.1771887 16.493 16.3203 -5.4704 -3.6761
0000000229.jpg -78.0339723 36.1771888 16.464 20.5922 -6.3689 -0.3625
0000000230.jpg -78.0339745 36.1771903 16.391 20.0200 -6.0376 2.2715
0000000231.jpg -78.0339733 36.1771920 16.467 19.5961 -6.4752 1.4596
0000000232.jpg -78.0339746 36.1771928 16.522 20.6600 -8.7433 4.1299
0000000233.jpg -78.0339697 36.1771959 16.448 19.2993 -5.8156 -0.6275
0000000234.jpg -78.0339675 36.1772000 16.483 21.1680 -5.7049 0.8846
0000000235.jpg -78.0339670 36.1772012 16.492 18.0911 -7.9464 1.4217
0000000236.jpg -78.0339660 36.1772025 16.451 15.2548 -6.2108 1.5811
0000000237.jpg -78.0339636 36.1771998 16.450 18.4079 -8.9521 -1.7918
0000000238.jpg -78.0339634 36.1772013 16.409 18.1362 -8.3124 -1.0823
0000000239.jpg -78.0339647 36.1772018 16.398 15.8131 -7.8054 0.3757
0000000240.jpg -78.0339643 36.1772022 16.407 19.3914 -6.4917 -0.0539
0000000241.jpg -78.0339652 36.1772050 16.378 19.5812 -6.1653 1.2480
0000000242.jpg -78.0339650 36.1772087 16.314 17.5843 -6.5159 0.7708
0000000243.jpg -78.0339643 36.1772107 16.413 18.5129 -7.0587 -0.5465
0000000244.jpg -78.0339635 36.1772156 16.329 15.7382 -6.1562 1.6993
0000000245.jpg -78.0339633 36.1772176 16.181 14.4601 -6.9725 2.1895
0000000246.jpg -78.0339619 36.1772244 16.188 16.7472 -5.9501 2.4863
0000000247.jpg -78.0339576 36.1772273 16.243 15.6535 -6.4755 -0.4920
0000000248.jpg -78.0339547 36.1772291 16.389 16.5636 -5.8155 -0.8788
0000000249.jpg -78.0339548 36.1772309 16.558 17.8971 -6.5389 0.7113
0000000250.jpg -78.0339539 36.1772339 16.638 20.9155 -6.2131 0.2682
0000000251.jpg -78.0339541 36.1772387 16.643 21.3745 -5.6400 1.8918
0000000252.jpg -78.0339528 36.1772407 16.506 17.3507 -6.5935 0.9607
0000000253.jpg -78.0339519 36.1772413 16.452 17.0127 -6.3287 -0.2132
0000000254.jpg -78.0339517 36.1772416 16.489 17.3147 -6.6636 0.8337
0000000255.jpg -78.0339511 36.1772441 16.474 18.6211 -4.9771 -0.5702
0000000256.jpg -78.0339503 36.1772486 16.395 22.5747 -7.5304 2.3544
0000000257.jpg -78.0339505 36.1772512 16.293 14.9920 -6.6457 2.7120
0000000258.jpg -78.0339470 36.1772547 16.179 15.3611 -6.4058 0.4928
0000000259.jpg -78.0339453 36.1772561 16.194 15.9773 -6.4155 1.6291
0000000260.jpg -78.0339428 36.1772585 16.242 16.7522 -5.8267 -0.2929
0000000261.jpg -78.0339439 36.1772613 16.214 21.3434 -6.5805 0.0637
0000000262.jpg -78.0339441 36.1772665 16.243 18.4228 -5.8987 0.9071
0000000263.jpg -78.0339415 36.1772738 16.265 23.7195 -4.0035 0.1595
0000000264.jpg -78.0339391 36.1772771 16.322 19.1630 -4.2771 -2.2613
0000000265.jpg -78.0339382 36.1772807 16.320 18.3821 -5.7914 0.7963
0000000266.jpg -78.0339366 36.1772840 16.310 18.8855 -5.0052 1.1973
0000000267.jpg -78.0339369 36.1772852 16.302 24.0563 -6.7232 1.2037
0000000268.jpg -78.0339342 36.1772872 16.329 21.2748 -5.8464 0.5468
0000000269.jpg -78.0339317 36.1772910 16.453 21.8403 -6.7481 0.9244
0000000270.jpg -78.0339291 36.1772917 16.443 20.0861 -4.7489 -0.5293
0000000271.jpg -78.0339294 36.1772932 16.399 19.0899 -5.5683 1.1338
0000000272.jpg -78.0339282 36.1772942 16.423 20.4557 -4.9664 -0.4171
0000000273.jpg -78.0339294 36.1772952 16.392 18.5831 -2.7555 2.2915
0000000274.jpg -78.0339296 36.1772971 16.170 20.8491 -9.5365 -0.8889
0000000275.jpg -78.0339286 36.1772970 16.061 17.2059 -6.7873 -0.8624
0000000276.jpg -78.0339274 36.1773015 16.233 17.1222 -3.8296 -0.6688
0000000277.jpg -78.0339265 36.1773028 16.414 15.8765 -7.2639 0.0393
0000000278.jpg -78.0339261 36.1773034 16.443 15.1073 -7.6228 -0.4987
0000000279.jpg -78.0339240 36.1773072 16.377 14.8996 -5.9173 -1.1567
0000000280.jpg -78.0339249 36.1773131 16.316 18.4275 -6.4377 1.0843
0000000281.jpg -78.0339235 36.1773174 16.406 17.2538 -6.1896 0.2829
0000000282.jpg -78.0339229 36.1773183 16.319 16.2055 -7.0258 2.5313
0000000283.jpg -78.0339213 36.1773179 16.281 14.4539 -6.4605 1.5588
0000000284.jpg -78.0339215 36.1773175 16.338 17.1904 -8.2026 1.5182
0000000285.jpg -78.0339195 36.1773187 16.281 16.5116 -6.8184 -1.2160
0000000286.jpg -78.0339170 36.1773217 16.129 14.7508 -6.3504 -0.6459
0000000287.jpg -78.0339156 36.1773262 16.061 19.8361 -7.6113 -0.9673
0000000288.jpg -78.0339188 36.1773310 16.073 12.4680 -7.0890 5.1521
0000000289.jpg -78.0339216 36.1773356 15.876 -5.4599 -5.3427 5.1970
0000000290.jpg -78.0339242 36.1773422 16.247 -70.9063 -1.6638 -0.8027
0000000291.jpg -78.0339323 36.1773461 16.451 -77.2078 1.1510 -0.4247
0000000292.jpg -78.0339397 36.1773462 16.496 -64.0204 1.2154 3.8779
0000000293.jpg -78.0339489 36.1773435 16.427 -71.5650 1.5726 6.8592
0000000294.jpg -78.0339536 36.1773427 16.405 -70.5269 5.4265 5.6933
0000000295.jpg -78.0339548 36.1773409 16.392 -70.1019 4.0844 5.8442
0000000296.jpg -78.0339559 36.1773371 16.348 -68.3549 3.9288 6.8604
0000000297.jpg -78.0339569 36.1773354 16.298 -68.7930 5.2363 6.7133
0000000298.jpg -78.0339563 36.1773351 16.483 -68.7110 2.6919 7.1969
0000000299.jpg -78.0339553 36.1773365 16.572 -69.3160 1.6624 5.5387
0000000300.jpg -78.0339550 36.1773406 16.477 -74.1572 2.2449 4.9543
0000000301.jpg -78.0339533 36.1773452 16.518 -73.2781 -1.2613 1.0850
0000000302.jpg -78.0339558 36.1773452 16.557 -68.5178 -1.2800 6.1018
0000000303.jpg -78.0339561 36.1773461 16.480 -71.3269 -3.0470 5.4949
0000000304.jpg -78.0339575 36.1773485 16.503 -73.3019 -3.6556 4.7754
0000000305.jpg -78.0339614 36.1773501 16.456 -76.3512 -3.6254 5.2470
0000000306.jpg -78.0339651 36.1773517 16.147 -74.0348 -2.7684 3.8984
0000000307.jpg -78.0339676 36.1773500 16.064 -71.4824 -2.9790 6.0119
0000000308.jpg -78.0339694 36.1773502 16.027 -71.0659 -1.2992 4.9006
0000000309.jpg -78.0339704 36.1773512 15.972 -72.8026 -1.1326 3.7559
0000000310.jpg -78.0339754 36.1773535 16.098 -79.5698 -2.8131 3.5325
0000000311.jpg -78.0339780 36.1773516 16.148 -76.4421 -3.6709 6.0899
0000000312.jpg -78.0339800 36.1773505 16.214 -70.1729 -1.3786 6.1330
0000000313.jpg -78.0339829 36.1773506 16.204 -69.3066 -0.3608 7.5186
0000000314.jpg -78.0339834 36.1773522 16.190 -68.4291 -0.0114 6.4356
0000000315.jpg -78.0339856 36.1773545 16.151 -72.1519 -1.6536 5.4570
0000000316.jpg -78.0339905 36.1773572 16.198 -69.8093 0.2982 4.8370
0000000317.jpg -78.0339953 36.1773584 16.289 -72.9759 0.4947 4.0940
0000000318.jpg -78.0339997 36.1773565 16.232 -151.4843 -0.1718 -1.5853
0000000319.jpg -78.0340041 36.1773511 16.188 177.3090 -1.8745 -3.4765
0000000320.jpg -78.0340088 36.1773417 16.047 -176.2731 2.9783 -6.2568
0000000321.jpg -78.0340088 36.1773325 16.114 -167.2636 2.5503 -0.9855
0000000322.jpg -78.0340097 36.1773217 16.154 -166.9127 3.9539 0.4285
0000000323.jpg -78.0340140 36.1773132 16.204 -162.8355 3.3607 0.0702
0000000324.jpg -78.0340181 36.1773058 16.341 -161.5067 5.4289 -1.3272
0000000325.jpg -78.0340231 36.1772979 16.314 -162.4940 4.1317 -0.2270
0000000326.jpg -78.0340252 36.1772929 16.135 -165.4761 0.6949 0.5522
0000000327.jpg -78.0340267 36.1772846 16.090 -162.7081 2.4943 2.2252
0000000328.jpg -78.0340309 36.1772784 16.106 -162.6249 4.1659 -0.4284
0000000329.jpg -78.0340354 36.1772689 16.020 -163.5462 3.0093 1.6949
0000000330.jpg -78.0340412 36.1772601 16.005 -161.9273 4.7661 -2.7288
0000000331.jpg -78.0340435 36.1772532 15.972 -160.5126 1.1210 -0.0723
0000000332.jpg -78.0340459 36.1772459 16.097 -161.4525 4.4149 1.8497
0000000333.jpg -78.0340500 36.1772356 16.173 -162.0061 4.0051 1.0268
0000000334.jpg -78.0340542 36.1772266 16.167 -169.9325 6.8278 2.2393
0000000335.jpg -78.0340613 36.1772199 15.904 -170.5430 1.5215 -5.4921
0000000336.jpg -78.0340656 36.1772099 15.922 -162.7957 7.5561 -7.3291
0000000337.jpg -78.0340692 36.1772043 15.956 -164.3778 6.9234 -6.9507
0000000338.jpg -78.0340699 36.1771941 15.996 -169.0772 6.5929 -4.2211
0000000339.jpg -78.0340703 36.1771841 16.073 -163.7316 8.4969 -3.6046
0000000340.jpg -78.0340708 36.1771743 16.242 -164.0606 6.6916 -1.8623
0000000341.jpg -78.0340733 36.1771675 16.315 -164.5896 6.9155 -2.1833
0000000342.jpg -78.0340770 36.1771573 16.469 -161.4825 6.5394 -1.1909
0000000343.jpg -78.0340829 36.1771492 16.379 -162.5096 3.9314 -2.9175
0000000344.jpg -78.0340894 36.1771447 16.459 -161.0745 3.1894 -5.2989
0000000345.jpg -78.0340933 36.1771365 16.408 -162.8207 2.2391 -5.2383
0000000346.jpg -78.0340927 36.1771260 16.323 -164.0160 5.8746 -2.5397
0000000347.jpg -78.0340962 36.1771161 16.470 -156.9373 7.2871 -3.3912
0000000348.jpg -78.0341020 36.1771107 16.424 -161.9539 2.4792 -4.4037
0000000349.jpg -78.0341057 36.1771027 16.200 -164.7782 3.0919 -5.5734
0000000350.jpg -78.0341085 36.1770911 16.123 -158.3676 6.3417 -1.5521
0000000351.jpg -78.0341101 36.1770838 16.184 -158.9968 4.3410 -1.7755
0000000352.jpg -78.0341090 36.1770769 16.083 -162.3611 6.6053 2.7089
0000000353.jpg -78.0341128 36.1770693 16.012 -159.6190 5.4249 0.5706
0000000354.jpg -78.0341193 36.1770632 15.951 -162.3720 4.7545 -1.7316
0000000355.jpg -78.0341257 36.1770549 16.042 -162.4532 4.5620 -3.4895
0000000356.jpg -78.0341311 36.1770496 15.850 -162.3653 4.5443 -4.3976
0000000357.jpg -78.0341308 36.1770399 15.814 -165.3464 6.5203 -0.7468
0000000358.jpg -78.0341300 36.1770273 16.084 -159.0434 5.5628 1.4851
0000000359.jpg -78.0341353 36.1770178 16.360 -160.7906 7.7899 -1.8333
0000000360.jpg -78.0341414 36.1770156 16.365 -159.3028 3.5336 -5.9763
0000000361.jpg -78.0341455 36.1770083 16.375 -163.9139 3.8913 -3.9063
0000000362.jpg -78.0341476 36.1769978 16.208 -164.6577 6.3004 -1.7931
0000000363.jpg -78.0341468 36.1769875 16.262 -163.0952 4.6445 2.3148
0000000364.jpg -78.0341512 36.1769797 16.327 -161.1240 2.3729 -2.4414
0000000365.jpg -78.0341541 36.1769724 16.347 -163.2391 3.6923 -0.8495
0000000366.jpg -78.0341576 36.1769635 16.165 -160.5052 -0.2414 -4.0629
0000000367.jpg -78.0341615 36.1769548 16.095 -165.4016 3.9694 -3.5621
0000000368.jpg -78.0341656 36.1769478 15.992 -167.7491 1.2646 -4.7162
0000000369.jpg -78.0341695 36.1769396 16.028 -162.8087 3.7058 -3.1205
0000000370.jpg -78.0341703 36.1769278 16.347 -154.4500 2.8252 0.7757
0000000371.jpg -78.0341700 36.1769177 16.535 -157.9948 5.5663 8.4435
0000000372.jpg -78.0341727 36.1769126 16.316 -163.5504 2.6236 1.4246
0000000373.jpg -78.0341799 36.1769106 16.046 -160.2172 3.7697 -5.3569
0000000374.jpg -78.0341850 36.1769098 15.944 -113.0092 5.2049 1.7076
0000000375.jpg -78.0341912 36.1769053 16.062 -54.7825 -8.9870 9.1919
0000000376.jpg -78.0342116 36.1769076 16.407 -67.1625 3.6094 14.6219
0000000377.jpg -78.0342163 36.1769144 16.488 -61.7977 1.9238 5.1094
0000000378.jpg -78.0342236 36.1769196 16.495 -62.4081 1.6289 3.0021
0000000379.jpg -78.0342313 36.1769216 16.386 -60.4369 1.0605 6.0359
0000000380.jpg -78.0342398 36.1769215 16.323 -65.2923 2.6794 7.1454
0000000381.jpg -78.0342426 36.1769186 16.269 -63.5672 -1.4899 11.2256
0000000382.jpg -78.0342428 36.1769157 16.192 -64.2186 -2.0468 11.8071
0000000383.jpg -78.0342417 36.1769187 16.027 -64.4766 -2.2824 7.8499
0000000384.jpg -78.0342466 36.1769206 16.221 -64.8340 -0.5856 9.5584
0000000385.jpg -78.0342532 36.1769237 16.160 -65.5464 -0.5166 7.6104
0000000386.jpg -78.0342567 36.1769251 16.023 -48.8010 0.5570 12.2713
0000000387.jpg -78.0342547 36.1769250 15.866 9.8830 -7.4816 0.8766
0000000388.jpg -78.0342576 36.1769240 16.027 22.6949 -13.9954 0.1165
0000000389.jpg -78.0342612 36.1769286 16.086 18.5272 -12.9021 3.0415
0000000390.jpg -78.0342582 36.1769346 16.114 21.4649 -11.6620 0.2445
0000000391.jpg -78.0342538 36.1769433 16.318 21.2250 -10.7913 1.1073
0000000392.jpg -78.0342482 36.1769493 16.385 20.3409 -8.5035 -1.8008
0000000393.jpg -78.0342442 36.1769597 16.332 18.4115 -10.9578 1.7593
0000000394.jpg -78.0342437 36.1769653 16.189 16.7595 -9.6459 -0.1009
0000000395.jpg -78.0342443 36.1769724 16.162 18.0025 -9.6402 2.8648
0000000396.jpg -78.0342426 36.1769772 16.182 17.8685 -10.4847 1.7536
0000000397.jpg -78.0342411 36.1769823 16.146 15.3916 -9.8685 2.8244
0000000398.jpg -78.0342393 36.1769864 16.099 16.3561 -9.9331 0.0206
0000000399.jpg -78.0342340 36.1769923 15.846 12.7122 -8.2422 1.1502
0000000400.jpg -78.0342309 36.1769978 16.069 17.6201 -10.0499 1.5347
0000000401.jpg -78.0342299 36.1770064 16.435 19.7398 -9.5303 2.8613
0000000402.jpg -78.0342280 36.1770141 16.513 17.6731 -7.3598 2.5509
0000000403.jpg -78.0342229 36.1770214 16.571 18.4730 -5.6012 -1.4698
0000000404.jpg -78.0342217 36.1770258 16.474 18.3062 -6.5552 2.5206
0000000405.jpg -78.0342213 36.1770300 16.457 20.6079 -8.7347 1.7769
0000000406.jpg -78.0342180 36.1770346 16.386 19.8867 -8.6857 -0.1619
0000000407.jpg -78.0342155 36.1770386 16.266 19.1422 -7.6776 -2.0845
0000000408.jpg -78.0342166 36.1770419 16.248 21.2454 -9.5116 -1.5961
0000000409.jpg -78.0342155 36.1770462 16.261 18.4039 -8.7716 0.7245
0000000410.jpg -78.0342104 36.1770503 16.126 17.1536 -6.4577 -1.6623
0000000411.jpg -78.0342093 36.1770496 16.129 16.6695 -8.6657 -0.6640
0000000412.jpg -78.0342082 36.1770547 16.226 20.6280 -8.1834 0.6791
0000000413.jpg -78.0342055 36.1770584 16.263 19.2448 -8.9720 -1.2753
0000000414.jpg -78.0342037 36.1770604 16.256 20.0680 -8.9775 -2.3479
0000000415.jpg -78.0342043 36.1770638 16.199 19.1884 -12.2559 2.4423
0000000416.jpg -78.0342059 36.1770687 16.275 21.4151 -12.8942 2.8818
0000000417.jpg -78.0342035 36.1770746 16.159 21.7401 -10.6935 1.7682
0000000418.jpg -78.0341993 36.1770785 16.065 19.3930 -12.1945 -0.9228
0000000419.jpg -78.0341982 36.1770797 15.902 17.6874 -10.5714 -0.4735
0000000420.jpg -78.0341968 36.1770803 15.776 21.5490 -9.1014 -3.8128
0000000421.jpg -78.0341975 36.1770798 15.803 17.7929 -10.3608 -0.1666
0000000422.jpg -78.0341978 36.1770828 16.181 18.6767 -10.6324 0.8879
0000000423.jpg -78.0341940 36.1770876 16.361 18.4129 -10.7538 -1.8709
0000000424.jpg -78.0341922 36.1770917 16.530 18.8712 -10.6619 -0.9844
0000000425.jpg -78.0341902 36.1770947 16.469 17.8791 -9.9286 -0.3198
0000000426.jpg -78.0341870 36.1770995 16.472 19.2928 -8.9994 -3.3497
0000000427.jpg -78.0341852 36.1771027 16.351 20.4535 -8.6373 -2.4619
0000000428.jpg -78.0341880 36.1771098 16.176 16.7394 -7.9066 3.3585
0000000429.jpg -78.0341836 36.1771151 16.380 18.8919 -9.3463 -2.3596
0000000430.jpg -78.0341816 36.1771193 16.278 19.5897 -7.6246 -1.5120
0000000431.jpg -78.0341809 36.1771266 16.131 18.8303 -9.1729 0.7579
0000000432.jpg -78.0341791 36.1771329 16.161 18.8371 -8.6101 1.8047
0000000433.jpg -78.0341754 36.1771370 16.155 18.9449 -11.4615 0.3286
0000000434.jpg -78.0341717 36.1771422 16.176 16.5052 -10.9064 0.7056
0000000435.jpg -78.0341689 36.1771472 16.133 13.7952 -8.0427 0.9531
0000000436.jpg -78.0341654 36.1771531 16.214 17.2634 -8.2032 0.7048
0000000437.jpg -78.0341620 36.1771603 16.257 20.7429 -6.4543 -1.7208
0000000438.jpg -78.0341614 36.1771663 16.385 20.7981 -8.9478 2.5073
0000000439.jpg -78.0341602 36.1771717 16.376 19.1644 -9.0512 1.1406
0000000440.jpg -78.0341579 36.1771811 16.309 20.5124 -4.8388 1.2961
0000000441.jpg -78.0341552 36.1771866 16.162 18.7141 -8.3355 0.1602
0000000442.jpg -78.0341536 36.1771902 16.114 18.6586 -10.2568 0.3878
0000000443.jpg -78.0341510 36.1771929 16.119 18.1586 -8.9626 -2.1667
0000000444.jpg -78.0341496 36.1771961 16.180 19.6247 -8.8118 -0.7006
0000000445.jpg -78.0341492 36.1772005 16.328 18.7035 -8.8283 -0.1581
0000000446.jpg -78.0341460 36.1772065 16.160 18.0564 -8.3020 -0.3730
0000000447.jpg -78.0341425 36.1772091 16.073 18.4913 -8.8336 -0.8291
0000000448.jpg -78.0341395 36.1772126 16.159 18.9606 -8.6369 -0.8263
0000000449.jpg -78.0341379 36.1772169 16.166 18.0318 -8.2807 -0.4909
0000000450.jpg -78.0341357 36.1772221 16.205 18.6680 -7.0864 -1.5834
0000000451.jpg -78.0341348 36.1772283 16.116 20.8319 -7.8810 -0.8525
0000000452.jpg -78.0341333 36.1772322 16.156 19.4349 -8.9969 -1.7886
0000000453.jpg -78.0341337 36.1772368 16.243 18.8967 -7.2898 0.5217
0000000454.jpg -78.0341324 36.1772411 16.089 20.4784 -12.3494 0.9876
0000000455.jpg -78.0341278 36.1772465 15.983 18.2026 -11.4947 -0.8534
0000000456.jpg -78.0341243 36.1772532 16.300 17.9582 -11.0088 -0.3306
0000000457.jpg -78.0341237 36.1772598 16.401 17.7105 -8.3722 2.6776
0000000458.jpg -78.0341213 36.1772614 16.552 18.8444 -12.4514 -3.0333
0000000459.jpg -78.0341179 36.1772665 16.489 18.2382 -11.0490 -1.5821
0000000460.jpg -78.0341162 36.1772723 16.386 21.2602 -9.7656 -1.1388
0000000461.jpg -78.0341117 36.1772764 16.415 17.5770 -10.4191 -4.5212
0000000462.jpg -78.0341119 36.1772795 16.431 20.2201 -11.1039 -2.8582
0000000463.jpg -78.0341096 36.1772865 16.193 19.5080 -9.0311 -4.9982
0000000464.jpg -78.0341073 36.1772934 16.264 16.6111 -8.1929 -4.8398
0000000465.jpg -78.0341052 36.1773022 16.256 19.5688 -6.6978 0.9867
0000000466.jpg -78.0341040 36.1773076 15.952 21.1058 -6.3972 -0.0536
0000000467.jpg -78.0341014 36.1773119 16.221 15.8706 -9.8591 1.8471
0000000468.jpg -78.0341006 36.1773166 16.203 19.7487 -8.7086 1.5635
0000000469.jpg -78.0340989 36.1773230 16.232 18.1375 -9.1877 0.5994
0000000470.jpg -78.0340896 36.1773257 16.334 16.0086 -8.5276 -6.5578
0000000471.jpg -78.0340853 36.1773310 16.394 17.6192 -5.1055 -6.0271
0000000472.jpg -78.0340864 36.1773331 16.150 23.3561 -6.3140 -5.6082
0000000473.jpg -78.0340887 36.1773332 16.056 20.3339 -9.9029 -2.1999
0000000474.jpg -78.0340908 36.1773345 16.145 20.0634 -10.1121 -2.5518
0000000475.jpg -78.0340927 36.1773385 16.029 16.9270 -9.2640 2.1255
0000000476.jpg -78.0340912 36.1773417 16.017 16.8944 -10.4851 2.1711
0000000477.jpg -78.0340863 36.1773459 16.063 17.4915 -9.6458 0.8641
0000000478.jpg -78.0340838 36.1773509 16.191 16.9732 -9.4489 2.1426
0000000479.jpg -78.0340825 36.1773571 16.175 14.5075 -8.2139 3.4813
0000000480.jpg -78.0340803 36.1773629 16.213 16.1601 -8.8045 3.5644
0000000481.jpg -78.0340784 36.1773681 16.252 18.5765 -9.2356 3.5100
0000000482.jpg -78.0340759 36.1773713 16.368 16.0070 -10.9135 5.7004
0000000483.jpg -78.0340743 36.1773774 16.293 14.0588 -9.2862 3.7350
0000000484.jpg -78.0340733 36.1773832 16.365 -9.1589 -7.5730 3.4833
0000000485.jpg -78.0340808 36.1773879 16.355 -78.0484 0.4871 1.3767
0000000486.jpg -78.0340885 36.1773922 16.295 -64.1271 2.1060 3.1387
0000000487.jpg -78.0340959 36.1773934 16.390 -64.5763 0.2626 4.2686
0000000488.jpg -78.0341037 36.1773905 16.350 -65.7473 2.4311 7.9648
0000000489.jpg -78.0341066 36.1773884 16.491 -66.5622 0.8729 8.4400
0000000490.jpg -78.0341086 36.1773904 16.525 -68.2542 1.5183 9.0908
0000000491.jpg -78.0341097 36.1773933 16.531 -67.7663 -2.8701 7.1498
0000000492.jpg -78.0341136 36.1773971 16.340 -71.0467 -3.0164 4.4881
0000000493.jpg -78.0341224 36.1773998 16.212 -69.8102 0.1066 2.7366
0000000494.jpg -78.0341311 36.1773997 16.180 -67.9056 -0.5968 7.3647
0000000495.jpg -78.0341364 36.1773984 15.954 -70.1249 0.0835 8.0440
0000000496.jpg -78.0341400 36.1773978 15.945 -71.2022 1.1740 10.1094
0000000497.jpg -78.0341406 36.1774014 16.140 -70.4699 -2.3176 6.6472
0000000498.jpg -78.0341448 36.1774042 16.172 -76.5017 -2.5029 6.2227
0000000499.jpg -78.0341507 36.1774065 16.252 -84.9471 0.7624 4.4057
0000000500.jpg -78.0341551 36.1774050 16.131 -157.2649 -1.1805 -0.8058
0000000501.jpg -78.0341626 36.1773952 16.105 -172.1152 6.5745 -4.1451
0000000502.jpg -78.0341634 36.1773868 15.971 -160.0126 4.1646 -0.0140
0000000503.jpg -78.0341655 36.1773785 16.102 -162.3802 4.9057 -0.1109
0000000504.jpg -78.0341681 36.1773717 16.268 -161.0096 1.4353 0.4920
0000000505.jpg -78.0341732 36.1773599 16.276 -160.7480 6.1162 0.2086
0000000506.jpg -78.0341735 36.1773523 16.187 -162.7657 2.4823 2.4084
0000000507.jpg -78.0341801 36.1773462 16.213 -162.7003 7.0941 -3.0600
0000000508.jpg -78.0341851 36.1773419 16.069 -161.8739 2.4630 -3.1362
0000000509.jpg -78.0341872 36.1773385 16.008 -166.5054 1.4570 -2.0344
0000000510.jpg -78.0341897 36.1773307 15.919 -164.8091 3.2743 -2.0252
0000000511.jpg -78.0341916 36.1773197 15.959 -160.2962 5.4966 1.7266
0000000512.jpg -78.0341959 36.1773103 16.078 -159.0407 6.3387 0.2481
0000000513.jpg -78.0342010 36.1773032 16.235 -160.3983 5.1128 0.9956
0000000514.jpg -78.0342036 36.1772964 16.420 -160.4769 5.4921 2.0291
0000000515.jpg -78.0342084 36.1772869 16.355 -159.6148 5.3093 -0.3715
0000000516.jpg -78.0342123 36.1772770 16.200 -161.8875 6.6211 1.1843
0000000517.jpg -78.0342182 36.1772698 16.232 -162.3896 3.6677 -2.0224
0000000518.jpg -78.0342222 36.1772622 16.303 -158.9694 3.2596 -1.3297
0000000519.jpg -78.0342257 36.1772541 16.248 -160.2368 3.2293 -0.5450
0000000520.jpg -78.0342295 36.1772470 16.133 -160.3071 6.0743 -0.6774
0000000521.jpg -78.0342330 36.1772405 16.136 -161.6318 3.7696 -2.3442
0000000522.jpg -78.0342381 36.1772313 16.081 -162.2973 5.7890 -3.0272
0000000523.jpg -78.0342422 36.1772243 15.962 -162.8089 3.1152 -3.4996
0000000524.jpg -78.0342416 36.1772157 15.916 -160.6729 3.9623 -0.6813
0000000525.jpg -78.0342432 36.1772113 15.932 -168.5034 2.0088 -3.3015
0000000526.jpg -78.0342489 36.1772038 16.024 -162.2991 3.7034 -5.2326
0000000527.jpg -78.0342485 36.1771944 16.073 -157.6688 3.9380 3.7544
0000000528.jpg -78.0342541 36.1771839 16.260 -159.8555 7.5403 -0.7513
0000000529.jpg -78.0342587 36.1771716 16.330 -159.0248 11.7908 2.7855
0000000530.jpg -78.0342623 36.1771687 16.294 -158.5570 3.8354 -1.4341
0000000531.jpg -78.0342636 36.1771623 16.181 -157.1856 3.1923 1.1451
0000000532.jpg -78.0342688 36.1771542 16.001 -158.2149 4.8844 1.0666
0000000533.jpg -78.0342753 36.1771489 15.822 -157.8162 3.1946 -2.4531
0000000534.jpg -78.0342785 36.1771449 15.845 -160.8521 3.1345 -0.0710
0000000535.jpg -78.0342815 36.1771370 16.048 -159.5534 4.1874 -3.3933
0000000536.jpg -78.0342838 36.1771260 16.406 -157.2511 4.7783 0.9488
0000000537.jpg -78.0342869 36.1771149 16.547 -159.3043 4.9805 0.8041
0000000538.jpg -78.0342857 36.1771096 16.498 -160.1595 2.1373 5.1110
0000000539.jpg -78.0342928 36.1771071 16.452 -159.8276 0.5629 -4.7575
0000000540.jpg -78.0342975 36.1771015 16.336 -161.0267 3.7394 -0.2488
0000000541.jpg -78.0342975 36.1770930 16.143 -161.3434 4.1207 2.6931
0000000542.jpg -78.0343011 36.1770846 16.024 -157.6834 4.5088 0.7447
0000000543.jpg -78.0343067 36.1770758 16.003 -158.5294 5.1218 1.8099
0000000544.jpg -78.0343113 36.1770696 16.086 -162.0608 4.5212 -2.7389
0000000545.jpg -78.0343159 36.1770617 16.060 -158.2132 3.2462 -2.0236
0000000546.jpg -78.0343183 36.1770524 15.965 -165.2499 0.4335 -2.6408
0000000547.jpg -78.0343208 36.1770437 16.000 -162.9821 0.0876 -1.9171
0000000548.jpg -78.0343232 36.1770360 16.059 -160.2600 -0.4890 -1.9688
0000000549.jpg -78.0343248 36.1770292 16.108 -163.7703 0.2868 -1.1488
0000000550.jpg -78.0343286 36.1770187 16.089 -157.8887 2.5920 1.8297
0000000551.jpg -78.0343326 36.1770104 15.844 -155.5352 4.1859 -0.9341
0000000552.jpg -78.0343358 36.1770011 15.841 -156.2786 3.3324 3.5272
0000000553.jpg -78.0343447 36.1769956 15.861 -157.8505 3.7334 -1.1611
0000000554.jpg -78.0343484 36.1769849 15.966 -160.5723 7.7749 1.7604
0000000555.jpg -78.0343504 36.1769774 16.057 -155.6525 5.5491 2.2081
0000000556.jpg -78.0343546 36.1769689 15.972 -156.2725 5.2283 2.8983
0000000557.jpg -78.0343551 36.1769602 16.051 -158.8511 3.6236 4.1152
0000000558.jpg -78.0343588 36.1769547 15.991 -114.9713 3.8321 6.7435
0000000559.jpg -78.0343611 36.1769544 16.194 -61.2927 -7.0239 3.5119
0000000560.jpg -78.0343682 36.1769533 16.151 -74.2382 -4.4285 9.2827
0000000561.jpg -78.0343771 36.1769600 16.200 -71.8854 -6.2117 2.8787
0000000562.jpg -78.0343913 36.1769649 16.098 -73.9613 -1.5144 4.5356
0000000563.jpg -78.0344014 36.1769671 16.057 -72.4608 -4.4696 5.0670
0000000564.jpg -78.0344078 36.1769682 16.032 -69.2930 -5.2196 4.7333
0000000565.jpg -78.0344146 36.1769698 15.943 -64.9698 -6.3781 3.9809
0000000566.jpg -78.0344234 36.1769744 15.896 -70.9965 -5.5942 2.2263
0000000567.jpg -78.0344337 36.1769764 15.941 -68.7091 -3.1982 5.0438
0000000568.jpg -78.0344390 36.1769810 15.904 -31.3963 -3.6319 6.6444
0000000569.jpg -78.0344378 36.1769855 16.088 37.9250 -2.4477 -2.9761
0000000570.jpg -78.0344384 36.1769920 16.068 30.2329 -5.6292 -1.9826
0000000571.jpg -78.0344339 36.1770021 16.212 21.3160 -3.5733 -0.6210
0000000572.jpg -78.0344309 36.1770096 16.363 22.4849 -4.0026 -1.1102
0000000573.jpg -78.0344266 36.1770137 16.232 17.4748 -7.7159 -3.2512
0000000574.jpg -78.0344219 36.1770187 16.275 20.5157 -9.0148 -4.0382
0000000575.jpg -78.0344190 36.1770256 16.531 18.9719 -8.8377 -3.4951
0000000576.jpg -78.0344184 36.1770311 16.335 19.4034 -9.8237 -1.6542
0000000577.jpg -78.0344165 36.1770358 16.148 21.3348 -9.7617 -3.0365
0000000578.jpg -78.0344174 36.1770374 15.997 22.1845 -11.8074 -1.2854
0000000579.jpg -78.0344180 36.1770390 15.904 22.7166 -13.3259 -1.8207
0000000580.jpg -78.0344167 36.1770400 15.901 22.9018 -11.8727 -2.8872
0000000581.jpg -78.0344100 36.1770453 15.884 21.5769 -10.3508 -6.1120
0000000582.jpg -78.0344054 36.1770531 16.061 20.7903 -6.8008 -4.3237
0000000583.jpg -78.0344056 36.1770602 16.043 21.6787 -11.4574 -0.8955
0000000584.jpg -78.0344028 36.1770661 16.008 21.2213 -6.6448 -3.4541
0000000585.jpg -78.0344007 36.1770722 15.954 20.9588 -8.2636 -1.1077
0000000586.jpg -78.0343988 36.1770777 15.886 22.8025 -6.3013 1.7113
0000000587.jpg -78.0343960 36.1770814 15.859 20.8732 -11.2420 -0.6848
0000000588.jpg -78.0343937 36.1770889 15.706 15.5380 -5.9324 1.4905
0000000589.jpg -78.0343906 36.1770942 15.683 22.1532 -7.5729 2.3089
0000000590.jpg -78.0343869 36.1770976 15.851 21.1253 -9.7190 -2.3870
0000000591.jpg -78.0343840 36.1771036 15.984 23.3799 -8.1883 -1.0716
0000000592.jpg -78.0343811 36.1771094 16.188 20.5490 -4.7012 -0.8213
0000000593.jpg -78.0343801 36.1771170 15.983 18.8313 -9.3688 1.3132
0000000594.jpg -78.0343769 36.1771214 16.126 20.6939 -8.8639 -2.5742
0000000595.jpg -78.0343751 36.1771270 16.131 22.4701 -7.9215 -1.2869
0000000596.jpg -78.0343727 36.1771300 16.122 20.2743 -9.1561 -0.6804
0000000597.jpg -78.0343724 36.1771340 16.078 20.3900 -9.7917 0.3197
0000000598.jpg -78.0343689 36.1771397 16.054 21.6964 -8.3051 -1.5421
0000000599.jpg -78.0343638 36.1771472 16.087 20.3609 -2.1667 -4.4198
0000000600.jpg -78.0343629 36.1771517 15.958 22.9418 -8.1404 1.9867
0000000601.jpg -78.0343625 36.1771597 15.865 16.8478 -6.0720 3.5967
0000000602.jpg -78.0343599 36.1771659 15.848 16.3001 -5.6671 1.7836
0000000603.jpg -78.0343555 36.1771698 15.933 18.8979 -6.0579 0.4913
0000000604.jpg -78.0343529 36.1771754 16.082 21.6346 -5.7322 0.7977
0000000605.jpg -78.0343497 36.1771816 16.241 20.9241 -3.7263 0.1479
0000000606.jpg -78.0343474 36.1771864 16.211 23.9385 -5.2593 1.1051
0000000607.jpg -78.0343443 36.1771917 16.091 15.9197 -4.8594 0.7735
0000000608.jpg -78.0343400 36.1771954 15.995 21.3946 -3.1808 -1.1439
0000000609.jpg -78.0343380 36.1771964 16.079 23.5614 -4.6077 -3.5531
0000000610.jpg -78.0343396 36.1771992 16.185 20.5329 -6.1828 0.2200
0000000611.jpg -78.0343404 36.1772048 16.240 19.3993 -6.7642 0.2659
0000000612.jpg -78.0343377 36.1772123 16.091 16.7215 -5.8647 0.4960
0000000613.jpg -78.0343365 36.1772180 16.013 18.5252 -4.5817 3.3553
0000000614.jpg -78.0343321 36.1772255 16.021 19.6362 -5.0580 1.3311
0000000615.jpg -78.0343300 36.1772357 15.977 17.6987 -3.0539 2.6451
0000000616.jpg -78.0343248 36.1772414 15.988 17.8596 -5.9904 1.8392
0000000617.jpg -78.0343205 36.1772466 16.055 19.3944 -5.7213 1.1892
0000000618.jpg -78.0343169 36.1772504 16.168 22.6450 -5.0186 -0.5086
0000000619.jpg -78.0343164 36.1772545 16.237 22.1831 -7.3166 2.0666
0000000620.jpg -78.0343143 36.1772587 16.272 24.4757 -7.7958 1.1763
0000000621.jpg -78.0343125 36.1772659 16.118 18.4376 -7.5231 3.2833
0000000622.jpg -78.0343093 36.1772710 15.971 18.4955 -7.7430 2.0164
0000000623.jpg -78.0343057 36.1772753 15.973 17.0801 -7.2136 0.5090
0000000624.jpg -78.0343026 36.1772820 15.982 20.5194 -6.3337 0.1268
0000000625.jpg -78.0342987 36.1772913 16.156 21.1043 -6.6276 -0.5237
0000000626.jpg -78.0342976 36.1772984 16.073 21.0788 -7.0110 1.2951
0000000627.jpg -78.0342966 36.1773024 16.096 22.8396 -9.9559 -0.5320
0000000628.jpg -78.0342945 36.1773072 16.077 21.4296 -9.8203 -0.1733
0000000629.jpg -78.0342914 36.1773149 16.039 19.6139 -7.8336 0.6543
0000000630.jpg -78.0342856 36.1773230 15.978 21.3120 -7.7555 -2.4997
0000000631.jpg -78.0342830 36.1773295 15.962 21.4289 -5.0037 0.8139
0000000632.jpg -78.0342798 36.1773356 16.061 21.5954 -7.8100 -3.0580
0000000633.jpg -78.0342774 36.1773434 15.926 18.9848 -7.7704 -0.0614
0000000634.jpg -78.0342742 36.1773492 16.069 17.8856 -6.6486 0.3671
0000000635.jpg -78.0342728 36.1773579 15.976 20.3815 -6.0096 1.8852
0000000636.jpg -78.0342708 36.1773674 15.830 21.2320 -4.4941 3.8358
0000000637.jpg -78.0342674 36.1773744 15.738 16.3109 -5.3940 4.0713
0000000638.jpg -78.0342613 36.1773778 15.923 23.5304 -8.2976 0.1709
0000000639.jpg -78.0342604 36.1773823 16.094 24.2069 -9.1486 1.9782
0000000640.jpg -78.0342565 36.1773878 16.219 22.3398 -8.4108 1.1268
0000000641.jpg -78.0342534 36.1773933 16.224 22.3758 -9.4375 0.9461
0000000642.jpg -78.0342509 36.1774000 16.039 15.0872 -6.7473 0.7381
0000000643.jpg -78.0342481 36.1774073 16.042 19.8877 -6.5113 0.2587
0000000644.jpg -78.0342466 36.1774125 16.000 19.4007 -7.6766 1.2705
0000000645.jpg -78.0342419 36.1774190 15.982 23.5228 -7.8907 -0.7165
0000000646.jpg -78.0342397 36.1774257 16.079 -13.4390 -4.5750 -3.5945
0000000647.jpg -78.0342452 36.1774308 16.022 -69.2345 -6.4210 -1.1539
0000000648.jpg -78.0342553 36.1774305 16.109 -84.5290 -1.6916 6.7305
0000000649.jpg -78.0342585 36.1774324 16.096 -71.1496 -7.5248 4.7206
0000000650.jpg -78.0342667 36.1774326 16.197 -75.3722 -1.1479 10.5337
0000000651.jpg -78.0342765 36.1774321 16.010 -71.0368 -0.7002 10.5211
0000000652.jpg -78.0342792 36.1774340 15.826 -73.4865 -4.8734 7.3566
0000000653.jpg -78.0342821 36.1774376 15.966 -68.6555 -2.9246 5.9147
0000000654.jpg -78.0342923 36.1774402 16.122 -71.9784 -1.4037 6.6255
0000000655.jpg -78.0343022 36.1774424 16.035 -74.1415 -1.8196 7.9029
0000000656.jpg -78.0343105 36.1774446 16.018 -71.3255 -2.3826 6.8089
0000000657.jpg -78.0343192 36.1774470 16.200 -116.6233 0.8691 3.0575
0000000658.jpg -78.0343246 36.1774450 16.064 -161.3350 -2.4865 -5.1707
0000000659.jpg -78.0343272 36.1774340 16.070 -156.1867 8.5083 0.7789
0000000660.jpg -78.0343252 36.1774274 16.002 -156.0612 2.8403 2.5154
0000000661.jpg -78.0343277 36.1774196 15.992 -156.5074 4.4740 3.2669
0000000662.jpg -78.0343309 36.1774151 16.061 -161.8887 3.4103 0.1242
0000000663.jpg -78.0343388 36.1774098 16.025 -162.2400 0.9849 -3.5922
0000000664.jpg -78.0343428 36.1774033 16.020 -157.2092 -0.7551 0.2426
0000000665.jpg -78.0343441 36.1773918 16.050 -163.0904 2.4597 0.2456
0000000666.jpg -78.0343469 36.1773818 16.143 -159.0884 1.8062 -0.2442
0000000667.jpg -78.0343497 36.1773745 16.204 -157.4428 3.5023 0.0248
0000000668.jpg -78.0343545 36.1773663 16.140 -159.5565 2.8110 -2.1888
0000000669.jpg -78.0343585 36.1773581 16.151 -157.0672 4.6681 1.0046
0000000670.jpg -78.0343629 36.1773497 16.124 -158.3143 4.2916 -0.0905
0000000671.jpg -78.0343655 36.1773437 16.048 -154.0487 2.1593 2.7836
0000000672.jpg -78.0343701 36.1773355 15.930 -153.3465 2.0343 1.8490
0000000673.jpg -78.0343743 36.1773281 15.930 -154.5732 1.8805 2.7988
0000000674.jpg -78.0343773 36.1773200 15.936 -152.4333 0.6765 3.1429
0000000675.jpg -78.0343810 36.1773121 16.069 -154.9433 1.0343 4.2242
0000000676.jpg -78.0343870 36.1773051 16.073 -155.4191 2.4128 1.1869
0000000677.jpg -78.0343930 36.1772977 16.096 -157.9648 3.6954 -1.2268
0000000678.jpg -78.0343973 36.1772887 16.157 -158.4067 3.1759 0.3569
0000000679.jpg -78.0343974 36.1772800 16.212 -160.2094 1.5719 3.7267
0000000680.jpg -78.0344009 36.1772729 16.004 -158.5141 1.0304 1.9965
0000000681.jpg -78.0344053 36.1772677 15.969 -160.4075 2.1509 0.0305
0000000682.jpg -78.0344101 36.1772601 15.835 -159.1020 1.1218 -0.3317
0000000683.jpg -78.0344122 36.1772514 15.782 -158.9675 0.7842 2.0887
0000000684.jpg -78.0344166 36.1772428 15.773 -160.7450 0.5180 0.8344
0000000685.jpg -78.0344217 36.1772369 15.907 -163.2623 0.5821 -2.1983
0000000686.jpg -78.0344264 36.1772282 15.805 -162.1252 0.5005 -1.0954
0000000687.jpg -78.0344287 36.1772175 15.727 -156.9627 1.4814 0.4308
0000000688.jpg -78.0344310 36.1772102 15.779 -156.5552 -1.1902 0.8288
0000000689.jpg -78.0344349 36.1772010 15.831 -162.6151 3.7783 -0.1647
0000000690.jpg -78.0344427 36.1771943 15.887 -159.7165 -0.9800 -2.3091
0000000691.jpg -78.0344482 36.1771876 16.077 -159.0579 0.7579 -3.8449
0000000692.jpg -78.0344489 36.1771797 16.210 -159.2305 1.6407 0.1506
0000000693.jpg -78.0344508 36.1771731 16.197 -159.0301 2.9101 -1.6590
0000000694.jpg -78.0344520 36.1771648 16.164 -160.3605 1.6264 0.6014
0000000695.jpg -78.0344541 36.1771579 16.075 -163.0489 2.1673 -0.8889
0000000696.jpg -78.0344572 36.1771514 15.976 -158.6123 2.4261 0.4475
0000000697.jpg -78.0344610 36.1771443 15.954 -162.0192 2.1631 1.2137
0000000698.jpg -78.0344683 36.1771357 15.991 -160.9457 2.9680 -2.7316
0000000699.jpg -78.0344775 36.1771288 15.926 -162.0591 5.3415 -8.4878
0000000700.jpg -78.0344773 36.1771203 15.909 -162.4009 3.4079 -0.1598
0000000701.jpg -78.0344761 36.1771102 15.828 -162.3574 3.6238 2.4979
0000000702.jpg -78.0344815 36.1771034 15.809 -161.1291 2.0170 -2.2434
0000000703.jpg -78.0344883 36.1770943 15.900 -158.5429 5.0095 -3.3500
0000000704.jpg -78.0344911 36.1770880 15.909 -155.7221 3.1124 0.9686
0000000705.jpg -78.0344936 36.1770789 16.000 -158.4027 2.9947 0.5278
0000000706.jpg -78.0344979 36.1770701 16.199 -158.3448 2.3987 -1.0717
0000000707.jpg -78.0345000 36.1770596 16.148 -158.4240 1.9713 4.2954
0000000708.jpg -78.0345065 36.1770520 16.088 -160.5317 2.7519 0.2618
0000000709.jpg -78.0345109 36.1770469 16.090 -156.6051 -1.0276 0.6827
0000000710.jpg -78.0345173 36.1770380 16.020 -158.5165 3.4152 -0.5818
0000000711.jpg -78.0345224 36.1770284 15.926 -161.0372 5.9243 -1.8936
0000000712.jpg -78.0345250 36.1770198 15.795 -157.1794 4.8459 -0.8551
0000000713.jpg -78.0345265 36.1770083 15.687 -157.4537 7.4497 3.0026
0000000714.jpg -78.0345291 36.1770043 15.657 -143.8800 5.8149 4.2406
0000000715.jpg -78.0345323 36.1770004 15.963 -69.8419 -1.8706 8.0915
0000000716.jpg -78.0345360 36.1769976 16.081 -68.3953 -6.6724 11.3830
0000000717.jpg -78.0345434 36.1770020 16.043 -68.4017 -6.1956 4.9512
0000000718.jpg -78.0345495 36.1770090 16.028 -63.6265 -5.8897 -0.8193
0000000719.jpg -78.0345661 36.1770127 16.032 -65.9261 -2.0237 2.8813
0000000720.jpg -78.0345759 36.1770141 15.976 -71.4297 -0.6919 3.9597
0000000721.jpg -78.0345847 36.1770167 16.004 -65.5940 -5.3464 3.9925
0000000722.jpg -78.0345949 36.1770163 15.977 -70.5159 -1.8628 8.1934
0000000723.jpg -78.0346024 36.1770215 16.179 -68.0224 -2.8302 3.5523
0000000724.jpg -78.0346126 36.1770258 16.178 -68.9011 -1.7644 4.4079
0000000725.jpg -78.0346171 36.1770264 16.110 -66.5025 -1.7676 4.8910
0000000726.jpg -78.0346218 36.1770309 15.971 -11.8949 -3.8872 6.9743
0000000727.jpg -78.0346185 36.1770339 16.064 37.1641 -5.8480 -4.4712
0000000728.jpg -78.0346201 36.1770384 16.092 27.4662 -9.8340 -0.6375
0000000729.jpg -78.0346168 36.1770467 16.253 23.7560 -2.3600 -0.3538
0000000730.jpg -78.0346125 36.1770559 16.120 26.7909 -7.9061 1.0155
0000000731.jpg -78.0346089 36.1770625 16.051 23.2415 -4.8309 -0.0972
0000000732.jpg -78.0346045 36.1770667 15.942 22.3777 -9.5104 -1.8565
0000000733.jpg -78.0345978 36.1770765 15.851 27.6664 -3.7636 -3.1685
0000000734.jpg -78.0345932 36.1770837 15.867 29.0970 -4.4636 -2.9250
0000000735.jpg -78.0345900 36.1770907 15.901 23.6807 -5.0329 -2.4375
0000000736.jpg -78.0345834 36.1770960 15.916 22.1664 -4.9484 -6.9239
0000000737.jpg -78.0345838 36.1771063 15.763 30.3303 -4.1740 0.0211
0000000738.jpg -78.0345836 36.1771163 15.711 24.9426 -4.2576 1.1634
0000000739.jpg -78.0345823 36.1771271 15.587 21.7886 -2.4620 4.0487
0000000740.jpg -78.0345752 36.1771318 15.662 24.1729 -5.5199 -1.3245
0000000741.jpg -78.0345678 36.1771364 15.730 20.7185 -4.1047 -4.2122
0000000742.jpg -78.0345641 36.1771433 15.887 22.8261 -5.2023 -1.3099
0000000743.jpg -78.0345619 36.1771501 16.001 22.2254 -5.4740 1.3025
0000000744.jpg -78.0345594 36.1771566 16.284 26.0176 -8.8411 0.8551
0000000745.jpg -78.0345583 36.1771606 16.323 23.1198 -10.3825 2.7192
0000000746.jpg -78.0345526 36.1771666 16.285 23.3317 -8.0182 0.0925
0000000747.jpg -78.0345495 36.1771731 16.141 23.3194 -10.5324 0.1401
0000000748.jpg -78.0345472 36.1771769 15.897 22.9184 -10.8669 0.1109
0000000749.jpg -78.0345438 36.1771832 15.678 21.7486 -8.0845 -1.1092
0000000750.jpg -78.0345337 36.1771939 15.639 25.7899 -2.5414 -5.2101
0000000751.jpg -78.0345300 36.1772016 15.789 25.0214 -5.8488 0.7874
0000000752.jpg -78.0345308 36.1772097 16.028 24.9633 -8.0804 1.4457
0000000753.jpg -78.0345277 36.1772177 16.197 23.4487 -8.7395 3.1164
0000000754.jpg -78.0345235 36.1772239 16.180 25.3721 -8.7749 0.1180
0000000755.jpg -78.0345196 36.1772307 16.184 22.2004 -10.9371 0.7144
0000000756.jpg -78.0345140 36.1772386 16.192 23.5761 -8.1605 -0.2870
0000000757.jpg -78.0345087 36.1772439 15.969 25.2690 -8.5797 -1.0049
0000000758.jpg -78.0345086 36.1772521 15.743 25.8957 -12.1386 4.5074
0000000759.jpg -78.0345043 36.1772592 15.817 21.8235 -5.0102 0.5182
0000000760.jpg -78.0344994 36.1772671 15.805 22.9017 -4.2660 0.4815
0000000761.jpg -78.0344955 36.1772742 15.856 22.9570 -5.8825 -1.5303
0000000762.jpg -78.0344919 36.1772817 15.963 24.3527 -7.4677 0.9963
0000000763.jpg -78.0344854 36.1772896 15.977 23.4982 -3.3048 -4.0409
0000000764.jpg -78.0344800 36.1772956 15.994 21.7310 -6.2937 -4.8536
0000000765.jpg -78.0344788 36.1773028 15.984 23.5149 -9.4460 -1.7300
0000000766.jpg -78.0344784 36.1773085 15.839 25.7424 -8.2490 -0.9552
0000000767.jpg -78.0344765 36.1773121 15.717 24.3143 -10.2597 -1.8117
0000000768.jpg -78.0344736 36.1773144 15.778 26.2323 -11.1772 -6.5573
0000000769.jpg -78.0344690 36.1773204 16.004 22.3966 -11.4179 -3.7429
0000000770.jpg -78.0344664 36.1773292 16.184 21.9451 -11.8011 -1.6188
0000000771.jpg -78.0344599 36.1773382 16.081 21.6503 -7.8375 -4.1517
0000000772.jpg -78.0344560 36.1773466 16.018 24.8125 -9.1853 -2.3911
0000000773.jpg -78.0344507 36.1773552 16.030 22.2665 -7.7235 -3.8911
0000000774.jpg -78.0344490 36.1773612 16.162 21.8725 -9.1166 -1.4404
0000000775.jpg -78.0344438 36.1773685 16.183 19.1440 -8.9093 -2.0012
0000000776.jpg -78.0344402 36.1773780 16.044 23.0654 -7.8028 -2.0755
0000000777.jpg -78.0344349 36.1773865 16.051 22.0117 -8.3082 -2.7459
0000000778.jpg -78.0344315 36.1773932 15.890 23.8566 -10.0275 -0.3654
0000000779.jpg -78.0344264 36.1773979 15.868 22.4783 -11.1204 -2.8115
0000000780.jpg -78.0344245 36.1774018 15.768 23.5343 -10.2382 -2.1917
0000000781.jpg -78.0344241 36.1774068 15.794 25.5651 -11.9416 -2.8786
0000000782.jpg -78.0344209 36.1774148 15.783 28.6465 -8.4985 -1.4420
0000000783.jpg -78.0344165 36.1774230 15.938 21.7940 -12.7565 0.2092
0000000784.jpg -78.0344126 36.1774282 16.010 23.9113 -10.6140 -4.4311
0000000785.jpg -78.0344085 36.1774355 15.893 23.7422 -8.9904 -4.4570
0000000786.jpg -78.0344024 36.1774437 15.938 23.8950 -9.6659 -6.9536
0000000787.jpg -78.0343978 36.1774502 16.102 20.9603 -11.4433 -6.2104
0000000788.jpg -78.0343948 36.1774608 16.045 23.5645 -7.6983 -4.3626
0000000789.jpg -78.0343876 36.1774657 15.981 23.8299 -2.7557 -10.3225
0000000790.jpg -78.0343890 36.1774697 15.942 24.2777 -2.8295 -1.8073
0000000791.jpg -78.0343962 36.1774689 16.318 18.3277 -7.6089 2.6694
0000000792.jpg -78.0343964 36.1774688 16.238 23.8259 -2.3109 2.0982
0000000793.jpg -78.0343959 36.1774689 16.198 22.3551 -4.9512 2.9319
0000000794.jpg -78.0343991 36.1774691 16.041 24.3975 -7.4298 1.2081
0000000795.jpg -78.0343966 36.1774673 15.996 18.4651 -5.9928 0.8601
0000000796.jpg -78.0343960 36.1774661 15.890 23.1575 -5.4062 3.0075
0000000797.jpg -78.0343929 36.1774655 16.130 23.4892 -6.3488 -0.0599
0000000798.jpg -78.0343929 36.1774658 16.151 29.0359 -8.2991 0.1011
0000000799.jpg -78.0343931 36.1774652 16.077 18.7194 -6.6547 0.5494
0000000800.jpg -78.0343920 36.1774657 16.059 23.2489 -4.5258 0.7121
0000000801.jpg -78.0343896 36.1774650 16.098 18.8866 -5.7310 -2.8849
0000000802.jpg -78.0343931 36.1774663 16.061 24.8477 -2.6837 3.1811
0000000803.jpg -78.0343906 36.1774663 16.078 20.4725 -7.0444 -1.7251
0000000804.jpg -78.0343890 36.1774678 16.054 20.0635 -3.8482 -4.1935
0000000805.jpg -78.0343918 36.1774691 15.999 25.5761 -5.5251 0.8253
0000000806.jpg -78.0343939 36.1774687 15.882 28.8413 -6.1818 -0.3966
0000000807.jpg -78.0343938 36.1774660 15.954 28.3958 -9.4134 -3.1394
0000000808.jpg -78.0343935 36.1774656 16.172 22.1091 -9.6133 -0.6130
0000000809.jpg -78.0343906 36.1774657 16.278 24.7293 -8.0264 -4.4798
0000000810.jpg -78.0343907 36.1774652 16.201 24.4045 -7.9825 -2.9518
0000000811.jpg -78.0343903 36.1774662 16.232 23.7455 -9.7468 -4.8495
0000000812.jpg -78.0343909 36.1774658 16.346 22.4396 -9.3519 -3.7508
0000000813.jpg -78.0343928 36.1774669 16.264 26.8231 -6.9395 0.2631
0000000814.jpg -78.0343919 36.1774646 15.912 30.0004 -9.0221 -6.0192
0000000815.jpg -78.0343921 36.1774656 15.789 30.8581 -7.4807 -4.0250
0000000816.jpg -78.0343907 36.1774668 16.081 22.8694 -10.0762 -2.4134
0000000817.jpg -78.0343900 36.1774728 16.325 22.7704 -1.0154 -1.7899
0000000818.jpg -78.0343902 36.1774711 16.210 21.6134 -6.6605 -4.3157
0000000819.jpg -78.0343911 36.1774693 16.164 22.3597 -7.7884 -2.0487
0000000820.jpg -78.0343920 36.1774680 16.115 20.0925 -9.2882 0.1556
0000000821.jpg -78.0343920 36.1774669 15.900 21.5850 -8.8614 -1.2009
0000000822.jpg -78.0343926 36.1774681 16.010 21.7890 -7.5804 1.4271
0000000823.jpg -78.0343930 36.1774711 15.972 19.9383 -5.9491 2.4629
0000000824.jpg -78.0343942 36.1774714 16.076 24.8261 -6.5186 3.0291
0000000825.jpg -78.0343939 36.1774690 16.057 21.5075 -7.8390 1.9929
0000000826.jpg -78.0343930 36.1774651 16.067 26.5130 -11.2374 -0.9084
0000000827.jpg -78.0343882 36.1774626 15.770 23.5080 -9.7946 -5.4120
0000000828.jpg -78.0343910 36.1774625 15.916 21.2010 -13.5130 0.3574
0000000829.jpg -78.0343923 36.1774657 16.109 20.7762 -9.8139 -0.1701
0000000830.jpg -78.0343954 36.1774660 16.196 23.2322 -12.5649 0.7346
0000000831.jpg -78.0343960 36.1774672 16.202 22.5821 -9.0596 0.2776
0000000832.jpg -78.0343949 36.1774673 16.150 21.9244 -10.8654 0.8200
0000000833.jpg -78.0343933 36.1774681 15.954 23.6586 -9.0352 -0.8796
0000000834.jpg -78.0343926 36.1774687 15.879 16.9652 -5.9106 2.6825
0000000835.jpg -78.0343905 36.1774709 16.209 24.8798 -9.2674 3.0835
0000000836.jpg -78.0343928 36.1774674 16.089 19.1088 -8.5392 1.6435
0000000837.jpg -78.0343906 36.1774682 15.862 22.8309 -6.3393 -0.5756
0000000838.jpg -78.0343913 36.1774678 15.984 21.7175 -7.6762 1.4850
0000000839.jpg -78.0343904 36.1774671 15.890 22.7984 -5.1978 -0.7050
0000000840.jpg -78.0343918 36.1774684 15.329 24.7717 -8.0095 0.2173
0000000841.jpg -78.0343920 36.1774674 14.048 26.3434 -3.1377 0.6927
0000000842.jpg -78.0343963 36.1774627 12.143 18.9288 -6.4774 -0.5342
0000000843.jpg -78.0344001 36.1774585 8.722 17.9133 -11.1861 1.7984
0000000844.jpg -78.0343959 36.1774613 4.241 21.9260 -3.3913 -0.0818
0000000845.jpg -78.0343913 36.1774656 0.285 18.9643 11.4287 -7.5540
0000000846.jpg -78.0343820 36.1774677 -6.786 9.5922 -6.7152 2.5874
0000000847.jpg -78.0343715 36.1774722 -12.904 23.4270 -4.7816 -5.3227
0000000848.jpg -78.0343664 36.1774751 -16.067 22.6713 -2.9247 -9.5877
0000000849.jpg -78.0343664 36.1774744 -16.639 21.8013 -1.4572 -11.8652
0000000850.jpg -78.0343670 36.1774691 -16.204 20.9358 -1.3822 -11.6668
0000000851.jpg -78.0343690 36.1774625 -15.172 14.0113 -0.9089 -6.9232
0000000852.jpg -78.0343738 36.1774605 -13.652 -5.5045 0.8190 -7.8023
0000000853.jpg -78.0343791 36.1774620 -12.240 -13.2330 2.8138 -7.2446
0000000854.jpg -78.0343831 36.1774656 -11.013 -18.4308 5.9621 -1.8659
0000000855.jpg -78.0343861 36.1774712 -9.527 -16.4826 -2.9887 4.7168
0000000856.jpg -78.0343885 36.1774804 -8.086 -15.8955 -3.3633 4.7388
