EPSG:4326
0000000000.jpg -78.6627156 35.7686363 10.235 63.5455 1.0722 -1.4255
0000000001.jpg -78.6627040 35.7686422 10.201 63.9769 2.3569 0.5719
0000000002.jpg -78.6626938 35.7686445 10.195 59.3405 1.0680 -2.0183
0000000003.jpg -78.6626816 35.7686487 10.183 58.1818 1.8121 -3.0972
0000000004.jpg -78.6626700 35.7686537 10.215 60.0289 1.6175 -4.1148
0000000005.jpg -78.6626598 35.7686589 10.220 59.7060 3.7477 -4.2273
0000000006.jpg -78.6626502 35.7686628 10.262 55.9623 1.3789 -5.0031
0000000007.jpg -78.6626392 35.7686690 10.299 57.2945 1.3597 -2.7351
0000000008.jpg -78.6626272 35.7686746 10.288 60.3079 1.3718 -3.6978
0000000009.jpg -78.6626183 35.7686792 10.247 62.1888 0.6589 -2.2090
0000000010.jpg -78.6626055 35.7686850 10.246 62.6245 1.1658 -2.0334
0000000011.jpg -78.6625950 35.7686893 10.269 62.0206 0.3512 -2.7259
0000000012.jpg -78.6625817 35.7686929 10.284 65.1621 1.4167 -3.2031
0000000013.jpg -78.6625728 35.7686987 10.253 61.8516 2.2851 0.7348
0000000014.jpg -78.6625613 35.7687022 10.188 60.2085 1.7563 -4.2486
0000000015.jpg -78.6625496 35.7687075 10.172 58.0581 0.6371 -3.3284
0000000016.jpg -78.6625403 35.7687117 10.217 58.2812 0.1374 -4.1717
0000000017.jpg -78.6625279 35.7687177 10.256 60.7402 1.4491 -3.6729
0000000018.jpg -78.6625151 35.7687238 10.204 58.8133 2.0902 -4.5465
0000000019.jpg -78.6625049 35.7687286 10.223 60.1606 1.4082 -2.6389
0000000020.jpg -78.6624922 35.7687347 10.178 60.4808 1.7083 -0.8514
0000000021.jpg -78.6624825 35.7687391 10.153 63.0645 1.2599 -0.7700
0000000022.jpg -78.6624681 35.7687433 10.093 60.9111 1.2209 -4.1506
0000000023.jpg -78.6624560 35.7687494 10.148 64.7270 1.2284 -2.2091
0000000024.jpg -78.6624444 35.7687556 10.167 64.2706 0.0382 -0.5898
0000000025.jpg -78.6624308 35.7687598 10.164 61.1806 -0.3946 -2.5363
0000000026.jpg -78.6624199 35.7687641 10.214 65.4650 0.1712 -3.0535
0000000027.jpg -78.6624072 35.7687713 10.220 63.3038 1.9178 0.6044
0000000028.jpg -78.6623953 35.7687761 10.196 63.8327 0.3974 0.2972
0000000029.jpg -78.6623850 35.7687795 10.205 61.5005 0.2341 -0.9899
0000000030.jpg -78.6623718 35.7687841 10.197 61.9087 1.1328 -2.1549
0000000031.jpg -78.6623622 35.7687896 10.157 107.3671 1.2510 5.0234
0000000032.jpg -78.6623573 35.7687877 10.174 160.0172 -4.9539 2.1545
0000000033.jpg -78.6623490 35.7687775 10.138 144.2939 -2.3957 1.6857
0000000034.jpg -78.6623424 35.7687652 10.224 148.8200 -1.9757 0.3892
0000000035.jpg -78.6623370 35.7687549 10.003 -164.1413 0.8583 6.6175
0000000036.jpg -78.6623402 35.7687537 10.037 -106.8103 -4.2708 -2.9983
0000000037.jpg -78.6623500 35.7687484 10.076 -123.3046 -5.0296 -0.7372
0000000038.jpg -78.6623597 35.7687436 10.213 -117.8987 -4.6873 -0.1186
0000000039.jpg -78.6623732 35.7687370 10.291 -120.6508 -4.6542 0.4392
0000000040.jpg -78.6623860 35.7687312 10.232 -120.0612 -4.0969 0.9899
0000000041.jpg -78.6623964 35.7687276 10.160 -120.2789 -4.5359 -0.8712
0000000042.jpg -78.6624087 35.7687207 10.026 -121.4831 -3.7368 1.9177
0000000043.jpg -78.6624212 35.7687145 10.140 -120.2424 -2.6717 0.6499
0000000044.jpg -78.6624339 35.7687094 10.086 -121.8370 -3.8435 0.7736
0000000045.jpg -78.6624496 35.7687035 9.967 -120.2685 -3.4673 -2.0986
0000000046.jpg -78.6624596 35.7686967 10.102 -118.5386 -4.5842 1.1581
0000000047.jpg -78.6624709 35.7686922 10.164 -119.1829 -4.3405 -1.3469
0000000048.jpg -78.6624798 35.7686886 10.197 -118.9757 -5.6432 -0.8554
0000000049.jpg -78.6624916 35.7686840 10.100 -118.1152 -5.4492 -2.1744
0000000050.jpg -78.6625014 35.7686772 10.025 -119.6650 -3.0583 0.1485
0000000051.jpg -78.6625136 35.7686719 10.051 -118.9197 -4.3427 -1.6927
0000000052.jpg -78.6625253 35.7686652 10.152 -122.0977 -4.2631 0.4186
0000000053.jpg -78.6625356 35.7686604 10.125 -120.7825 -4.0692 0.1048
0000000054.jpg -78.6625490 35.7686550 10.038 -117.9562 -3.4198 -2.0261
0000000055.jpg -78.6625632 35.7686478 10.146 -118.2048 -3.4098 -0.5539
0000000056.jpg -78.6625746 35.7686410 10.173 -121.7237 -4.0965 1.0536
0000000057.jpg -78.6625843 35.7686371 10.227 -119.2995 -3.7676 -0.0349
0000000058.jpg -78.6625972 35.7686310 10.191 -123.1958 -5.3731 0.9442
0000000059.jpg -78.6626091 35.7686255 10.122 -119.9762 -6.2328 0.3066
0000000060.jpg -78.6626155 35.7686221 10.245 -118.1871 -9.2610 -0.1775
0000000061.jpg -78.6626262 35.7686158 10.230 -118.5763 -9.5885 1.1338
0000000062.jpg -78.6626387 35.7686114 10.079 -120.5654 -8.8328 -1.2437
0000000063.jpg -78.6626491 35.7686072 10.011 -120.2643 -8.0571 -1.6735
0000000064.jpg -78.6626615 35.7686009 9.932 -121.1933 -5.9002 -0.1813
0000000065.jpg -78.6626718 35.7685959 9.966 -119.8598 -5.1705 -1.4144
0000000066.jpg -78.6626843 35.7685901 9.964 -121.0515 -7.5041 -2.1928
0000000067.jpg -78.6626962 35.7685828 9.861 -124.7175 -5.3165 1.7494
0000000068.jpg -78.6627066 35.7685775 9.847 -126.3807 -4.1606 3.0938
0000000069.jpg -78.6627207 35.7685729 9.883 -124.0979 -4.2362 0.3278
0000000070.jpg -78.6627336 35.7685684 10.001 -120.6601 -5.9316 -0.4927
0000000071.jpg -78.6627396 35.7685638 10.215 -117.4041 -8.1434 3.1588
0000000072.jpg -78.6627495 35.7685570 10.133 -123.6161 -4.8171 4.2273
0000000073.jpg -78.6627625 35.7685492 10.014 -149.4552 -1.6908 2.6103
0000000074.jpg -78.6627616 35.7685414 10.354 149.9625 1.2981 0.1813
0000000075.jpg -78.6627551 35.7685324 10.016 162.6281 1.1312 2.7344
0000000076.jpg -78.6627513 35.7685257 9.978 160.4389 0.4436 1.0412
0000000077.jpg -78.6627471 35.7685192 10.034 155.4841 0.4199 1.4338
0000000078.jpg -78.6627432 35.7685129 9.979 155.9775 -0.1192 1.6722
0000000079.jpg -78.6627394 35.7685075 9.947 152.7085 -2.2936 2.0534
0000000080.jpg -78.6627363 35.7685006 10.100 140.3746 -0.0856 -1.9764
0000000081.jpg -78.6627253 35.7684974 10.101 66.8117 0.8790 -3.7632
0000000082.jpg -78.6627154 35.7684998 10.014 52.2921 0.0203 -4.8596
0000000083.jpg -78.6627067 35.7685054 10.064 57.6759 1.2358 -3.6840
0000000084.jpg -78.6626965 35.7685104 10.151 54.2804 0.9790 -4.5407
0000000085.jpg -78.6626891 35.7685167 10.075 56.7784 -0.9421 -1.8011
0000000086.jpg -78.6626814 35.7685215 10.232 58.9038 1.1459 -1.3359
0000000087.jpg -78.6626729 35.7685248 10.030 62.3323 -0.9207 -4.2727
0000000088.jpg -78.6626606 35.7685287 9.888 55.4007 -1.1806 -3.3249
0000000089.jpg -78.6626449 35.7685350 9.937 58.9691 1.7171 -1.4074
0000000090.jpg -78.6626313 35.7685412 10.059 57.6835 1.9814 -5.4829
0000000091.jpg -78.6626226 35.7685457 9.988 57.4126 1.4523 -6.3371
0000000092.jpg -78.6626160 35.7685507 9.992 58.9926 1.0773 -2.4016
0000000093.jpg -78.6626039 35.7685546 9.889 57.3430 0.9984 -3.3854
0000000094.jpg -78.6625900 35.7685587 9.935 56.0843 4.1094 -6.6969
0000000095.jpg -78.6625794 35.7685635 9.916 59.5298 3.7218 -5.4583
0000000096.jpg -78.6625685 35.7685695 9.913 56.8088 1.5845 -4.5459
0000000097.jpg -78.6625605 35.7685735 9.966 56.7409 0.5490 -4.0460
0000000098.jpg -78.6625516 35.7685790 9.971 60.3912 0.8684 -2.5487
0000000099.jpg -78.6625408 35.7685839 10.012 58.8773 2.0701 -3.2866
0000000100.jpg -78.6625293 35.7685885 9.979 58.4210 2.0582 -4.1417
0000000101.jpg -78.6625200 35.7685922 10.013 60.1273 -0.0201 -5.2770
0000000102.jpg -78.6625096 35.7685972 10.025 65.1449 0.5476 -2.9701
0000000103.jpg -78.6624993 35.7686032 9.898 62.7395 -0.2192 -1.7230
0000000104.jpg -78.6624860 35.7686096 9.911 66.8462 1.1978 -0.7894
0000000105.jpg -78.6624758 35.7686133 9.854 60.8678 0.4472 -1.3287
0000000106.jpg -78.6624662 35.7686177 10.123 64.2776 -0.5588 0.8217
0000000107.jpg -78.6624555 35.7686225 10.001 62.7898 1.4706 -2.8691
0000000108.jpg -78.6624449 35.7686263 9.942 62.5338 1.5644 -2.1085
0000000109.jpg -78.6624318 35.7686313 9.934 65.7433 0.6872 -3.9501
0000000110.jpg -78.6624210 35.7686362 9.974 60.7931 0.6245 -2.7913
0000000111.jpg -78.6624061 35.7686427 10.068 51.9793 -0.7772 -4.8707
0000000112.jpg -78.6623939 35.7686495 9.996 57.2123 1.9491 -5.7797
0000000113.jpg -78.6623834 35.7686560 9.820 58.8403 2.6969 -3.9734
0000000114.jpg -78.6623723 35.7686624 9.734 66.7409 5.5112 -1.5479
0000000115.jpg -78.6623566 35.7686685 9.815 59.9357 0.6368 -1.9066
0000000116.jpg -78.6623471 35.7686726 9.862 60.0289 1.7236 -2.1363
0000000117.jpg -78.6623365 35.7686768 9.901 61.8938 1.4336 -2.0156
0000000118.jpg -78.6623272 35.7686818 9.869 62.2618 1.5720 -0.6167
0000000119.jpg -78.6623163 35.7686867 9.931 63.9896 3.0765 -0.3819
0000000120.jpg -78.6623016 35.7686914 9.968 63.8505 2.7997 -0.6951
0000000121.jpg -78.6622931 35.7686961 10.072 62.7515 2.8968 0.8043
0000000122.jpg -78.6622861 35.7686986 10.070 106.0751 1.7659 6.0772
0000000123.jpg -78.6622841 35.7686954 10.034 147.1379 -6.7586 4.2629
0000000124.jpg -78.6622758 35.7686906 10.148 139.6825 -2.4915 4.4104
0000000125.jpg -78.6622676 35.7686818 10.129 142.0974 -3.3823 3.4255
0000000126.jpg -78.6622578 35.7686705 9.866 141.4173 -1.6235 3.0927
0000000127.jpg -78.6622466 35.7686556 9.931 146.1836 -3.0327 1.3003
0000000128.jpg -78.6622356 35.7686433 9.895 144.8735 -4.3702 1.8932
0000000129.jpg -78.6622299 35.7686345 9.678 179.5384 3.9441 6.5142
0000000130.jpg -78.6622340 35.7686324 9.754 -105.5991 -4.4686 -2.2099
0000000131.jpg -78.6622562 35.7686214 9.967 -115.2885 -2.6534 0.0586
0000000132.jpg -78.6622671 35.7686162 9.900 -114.3941 -2.2716 -1.0678
0000000133.jpg -78.6622765 35.7686104 9.867 -114.4918 -2.2794 1.7823
0000000134.jpg -78.6622870 35.7686064 9.846 -112.5040 -5.0174 0.5597
0000000135.jpg -78.6622984 35.7686036 9.822 -119.2792 -4.3834 -0.7587
0000000136.jpg -78.6623091 35.7685982 9.785 -121.2425 -3.7499 1.8618
0000000137.jpg -78.6623175 35.7685955 9.859 -120.0766 -5.4807 0.2609
0000000138.jpg -78.6623275 35.7685914 9.915 -117.8914 -4.7094 1.5847
0000000139.jpg -78.6623384 35.7685867 10.015 -115.7827 -3.5390 -2.0470
0000000140.jpg -78.6623491 35.7685825 10.008 -116.0321 -3.6724 -1.0615
0000000141.jpg -78.6623611 35.7685758 10.054 -117.9295 -3.1608 1.5104
0000000142.jpg -78.6623742 35.7685718 10.058 -118.2929 -4.6165 -0.8129
0000000143.jpg -78.6623982 35.7685624 9.945 -116.2225 -3.1773 -1.8882
0000000144.jpg -78.6624080 35.7685570 9.894 -116.4342 -3.3435 0.3041
0000000145.jpg -78.6624165 35.7685531 9.992 -118.4817 -3.1466 0.8350
0000000146.jpg -78.6624254 35.7685493 9.974 -116.1538 -4.9573 0.4933
0000000147.jpg -78.6624355 35.7685444 9.783 -117.4460 -3.9289 0.4457
0000000148.jpg -78.6624461 35.7685403 9.813 -116.1820 -4.0032 -1.4704
0000000149.jpg -78.6624553 35.7685351 9.953 -115.4989 -5.0798 -1.3777
0000000150.jpg -78.6624644 35.7685296 10.068 -116.9802 -6.0793 2.3381
0000000151.jpg -78.6624764 35.7685265 9.971 -118.1500 -5.6512 -0.2529
0000000152.jpg -78.6624905 35.7685202 9.655 -124.3948 -1.9882 3.2478
0000000153.jpg -78.6624999 35.7685161 9.747 -122.3139 -2.3437 2.6671
0000000154.jpg -78.6625095 35.7685120 9.875 -123.3744 -3.7700 2.7127
0000000155.jpg -78.6625183 35.7685041 10.264 -120.5254 -2.3825 6.9423
0000000156.jpg -78.6625316 35.7685037 10.029 -121.6733 -0.6571 -1.0636
0000000157.jpg -78.6625398 35.7684997 9.734 -120.4820 -4.1714 3.7858
0000000158.jpg -78.6625529 35.7684931 9.622 -117.5846 -2.9596 4.7929
0000000159.jpg -78.6625651 35.7684895 9.713 -121.3439 -2.4743 2.7510
0000000160.jpg -78.6625750 35.7684861 9.750 -120.1447 -3.4771 2.6006
0000000161.jpg -78.6625838 35.7684811 9.817 -118.7192 -4.5423 2.9568
0000000162.jpg -78.6625939 35.7684760 10.110 -122.3867 -2.9450 3.4829
0000000163.jpg -78.6626077 35.7684693 10.169 -123.5412 -1.6011 2.9863
0000000164.jpg -78.6626169 35.7684655 10.261 -118.9237 -4.1396 3.5454
0000000165.jpg -78.6626273 35.7684611 10.038 -119.9484 -3.2641 2.8102
0000000166.jpg -78.6626383 35.7684569 9.917 -117.5640 -3.3888 1.1228
0000000167.jpg -78.6626502 35.7684525 9.936 -115.7291 -1.8950 0.1856
0000000168.jpg -78.6626610 35.7684457 10.002 -115.3509 -4.2693 3.5103
0000000169.jpg -78.6626710 35.7684412 10.034 -119.7732 -3.7309 1.9184
0000000170.jpg -78.6626803 35.7684358 10.122 -131.5067 0.3745 0.4834
0000000171.jpg -78.6626845 35.7684307 10.206 154.8186 -3.2318 -3.7083
0000000172.jpg -78.6626793 35.7684227 10.129 144.7775 1.3481 -1.9111
0000000173.jpg -78.6626707 35.7684144 10.093 158.8608 1.8759 0.4537
0000000174.jpg -78.6626617 35.7684091 10.263 152.6350 3.6099 4.8710
0000000175.jpg -78.6626579 35.7684027 10.261 153.3284 4.0740 2.3302
0000000176.jpg -78.6626588 35.7683957 10.066 151.0037 2.2637 -2.8711
0000000177.jpg -78.6626569 35.7683904 9.816 161.0957 0.3073 0.0092
0000000178.jpg -78.6626494 35.7683809 9.798 156.0320 1.4961 1.7614
0000000179.jpg -78.6626450 35.7683734 9.924 119.4782 5.3946 -4.9378
0000000180.jpg -78.6626368 35.7683721 10.043 46.8637 -5.3950 -6.4590
0000000181.jpg -78.6626268 35.7683756 10.176 62.0945 -1.0421 -9.1604
0000000182.jpg -78.6626144 35.7683880 10.012 55.5897 1.0453 -5.2676
0000000183.jpg -78.6626043 35.7683940 9.727 60.2715 -1.8092 -2.6289
0000000184.jpg -78.6625942 35.7683979 9.664 58.4497 0.4867 -5.1559
0000000185.jpg -78.6625840 35.7684023 9.729 59.2704 -0.6008 -4.0834
0000000186.jpg -78.6625728 35.7684065 9.771 59.3374 1.2343 -4.4071
0000000187.jpg -78.6625620 35.7684117 9.842 58.9065 0.1936 -3.2116
0000000188.jpg -78.6625500 35.7684152 9.903 61.5683 1.9619 -5.6552
0000000189.jpg -78.6625384 35.7684201 9.922 59.9250 -0.3019 -4.4904
0000000190.jpg -78.6625291 35.7684236 10.052 62.5020 -0.6226 -5.0187
0000000191.jpg -78.6625191 35.7684283 10.056 63.7886 -1.1950 -3.8579
0000000192.jpg -78.6625080 35.7684319 10.168 61.9450 -0.9660 -6.2324
0000000193.jpg -78.6624985 35.7684358 10.167 65.7500 -2.1147 -4.7477
0000000194.jpg -78.6624877 35.7684424 10.149 62.3583 1.7661 -1.3979
0000000195.jpg -78.6624747 35.7684456 10.064 57.7222 2.0289 -7.7051
0000000196.jpg -78.6624638 35.7684515 9.866 64.1917 0.3981 -3.2436
0000000197.jpg -78.6624550 35.7684575 10.117 64.9874 1.4321 -0.2085
0000000198.jpg -78.6624428 35.7684618 9.879 68.8989 3.9098 -1.7607
0000000199.jpg -78.6624339 35.7684639 9.864 66.8441 0.7304 -3.3536
0000000200.jpg -78.6624246 35.7684680 9.809 67.8256 1.7199 -2.0507
0000000201.jpg -78.6624133 35.7684728 9.804 62.4156 1.2435 -2.2631
0000000202.jpg -78.6624046 35.7684761 9.820 64.5541 0.2886 -3.9848
0000000203.jpg -78.6623960 35.7684799 9.828 63.0140 1.4551 -3.7349
0000000204.jpg -78.6623855 35.7684834 9.880 52.4633 -0.5825 -5.9575
0000000205.jpg -78.6623710 35.7684894 10.146 62.0131 2.4616 -4.4862
0000000206.jpg -78.6623602 35.7684964 10.017 65.2621 6.2457 -2.4081
0000000207.jpg -78.6623484 35.7685024 9.921 66.1303 1.7783 -2.3364
0000000208.jpg -78.6623346 35.7685072 9.959 65.8944 2.8753 -2.8400
0000000209.jpg -78.6623260 35.7685114 9.880 64.7399 2.3568 -3.0662
0000000210.jpg -78.6623172 35.7685148 9.767 54.4996 1.7569 -5.5904
0000000211.jpg -78.6623079 35.7685162 9.783 54.2356 -0.1213 -6.9118
0000000212.jpg -78.6622961 35.7685241 9.905 64.4621 4.7625 -1.2771
0000000213.jpg -78.6622860 35.7685299 9.895 53.5109 2.1189 -3.3509
0000000214.jpg -78.6622738 35.7685336 9.976 61.4215 6.4933 -4.6173
0000000215.jpg -78.6622643 35.7685387 9.946 61.0732 4.2310 -1.2117
0000000216.jpg -78.6622527 35.7685428 9.849 60.4904 6.9168 -3.7723
0000000217.jpg -78.6622411 35.7685464 9.908 61.0558 4.5119 -6.9951
0000000218.jpg -78.6622312 35.7685508 9.948 60.0275 3.8254 -4.6426
0000000219.jpg -78.6622203 35.7685562 10.107 64.2499 5.9434 -3.3003
0000000220.jpg -78.6622117 35.7685589 9.819 58.5305 3.4598 -4.1318
0000000221.jpg -78.6622016 35.7685632 9.847 58.0245 5.7465 -4.7224
0000000222.jpg -78.6621897 35.7685711 9.895 61.4912 5.5931 -3.8495
0000000223.jpg -78.6621819 35.7685769 9.822 60.0965 7.4206 0.0094
0000000224.jpg -78.6621768 35.7685771 9.798 58.0179 7.0565 -4.3385
0000000225.jpg -78.6621738 35.7685767 9.852 57.6776 5.3831 -5.0906
0000000226.jpg -78.6621737 35.7685772 10.092 61.8239 5.3684 -2.9075
0000000227.jpg -78.6621735 35.7685776 10.173 63.5669 4.4709 -2.8199
0000000228.jpg -78.6621721 35.7685798 10.284 64.8048 8.4728 0.1203
0000000229.jpg -78.6621738 35.7685784 10.257 65.3684 4.2152 -0.5898
